CHECKING DISTANT FROM POINTS TO AVERAGE PLANE TO REMOVE INCORRECT POINT. 

Distant of points(mm) belongs the plane 0 (81 points): 
10.29(386),  9.91(376),  9.88(406),  9.63(426),  9.51(431),  9.28(422),  9.16(381),  9.10(411),  8.68(364),  8.57(405),  8.40(385),  7.77(367),  7.72(419),  7.70(409),  7.55(410),  7.23(401),  7.17(425),  7.07(400),  6.82(352),  6.66(394),  6.60(380),  6.36(407),  6.04(404),  5.96(393),  5.85(416),  5.66(392),  5.63(398),  5.42(377),  5.14(359),  5.14(372),  4.95(420),  4.94(375),  4.87(415),  4.63(423),  4.39(417),  4.37(412),  4.12(387),  4.05(424),  3.85(402),  3.62(379),  3.57(421),  3.33(351),  3.31(356),  3.27(361),  3.10(360),  3.04(382),  2.94(396),  2.94(395),  2.88(366),  2.84(354),  2.81(430),  2.71(408),  2.48(370),  2.41(413),  2.30(357),  2.23(358),  2.22(384),  2.18(403),  2.04(365),  1.99(368),  1.93(391),  1.91(362),  1.87(427),  1.86(388),  1.71(389),  1.68(399),  1.65(374),  1.64(428),  1.58(378),  1.43(373),  1.43(397),  1.41(418),  1.24(355),  1.14(371),  1.03(383),  0.86(369),  0.59(363),  0.34(353),  0.22(429),  0.16(390),  0.09(414), 
Distant of points(mm) belongs the plane 1 (54 points): 
24.79(343), 23.15(322), 13.18(345), 12.73(347),  8.99(344),  8.59(307),  8.50(341),  7.90(346),  7.78(342),  7.16(348),  6.32(311),  6.19(335),  6.04(331),  5.87(336),  5.11(332),  5.01(306),  4.95(337),  4.60(350),  4.55(308),  4.37(300),  4.23(320),  4.08(301),  4.08(309),  4.04(303),  3.93(323),  3.87(349),  3.70(298),  3.69(326),  3.67(333),  3.63(319),  3.61(304),  3.57(334),  3.54(330),  3.22(299),  3.07(317),  2.95(325),  2.88(338),  2.57(310),  2.57(339),  2.48(314),  2.35(312),  2.30(302),  1.82(305),  1.80(297),  1.59(327),  1.41(324),  1.15(318),  1.09(316),  0.96(313),  0.75(329),  0.74(315),  0.56(328),  0.33(340),  0.07(321), 
Distant of points(mm) belongs the plane 5 (15 points): 
 4.06(440),  3.02(446),  2.83(442),  2.78(434),  2.59(445),  2.19(432),  1.67(433),  1.22(444),  1.00(443),  0.96(436),  0.86(441),  0.62(438),  0.48(437),  0.44(439),  0.34(435), 
Distant of points(mm) belongs the plane 6 (8 points): 
 2.91(453),  2.09(450),  1.95(448),  1.63(454),  1.59(452),  1.04(451),  0.46(447),  0.13(449), 
Distant of points(mm) belongs the plane 7 (61 points): 
15.32(461), 14.44(475), 13.03(488), 12.54(499), 12.35(489), 12.24(474), 12.11(462), 10.91(515), 10.84(490), 10.28(463),  9.78(459),  9.21(487),  9.13(473),  8.39(486),  8.07(482),  8.05(491),  7.47(481),  7.03(477),  6.93(458),  6.75(455),  6.38(500),  6.31(467),  6.30(472),  6.26(468),  6.21(492),  4.85(504),  4.84(514),  4.84(456),  4.61(480),  4.37(496),  4.36(469),  4.31(503),  3.76(498),  3.40(464),  3.23(501),  3.08(509),  3.08(457),  2.89(507),  2.68(506),  2.56(460),  2.50(465),  2.42(471),  2.40(495),  2.39(466),  2.33(493),  2.20(483),  1.73(479),  1.64(511),  1.51(494),  1.27(513),  0.93(505),  0.92(497),  0.90(508),  0.82(502),  0.76(476),  0.68(484),  0.55(512),  0.52(470),  0.46(485),  0.25(510),  0.16(478), 
Distant of points(mm) belongs the plane 8 (15 points): 
 8.11(523),  7.44(520),  6.14(517),  5.01(528),  4.17(519),  3.50(529),  3.30(521),  2.33(518),  1.51(527),  1.34(522),  0.75(524),  0.62(530),  0.59(526),  0.47(516),  0.04(525), 
