CHECKING DISTANT FROM POINTS TO AVERAGE PLANE TO REMOVE INCORRECT POINT. 

Distant of points(mm) belongs the plane 0 (64 points): 
23.76(412), 12.10(368),  7.87(376),  6.89(371),  6.50(415),  5.62(400),  5.37(379),  4.97(363),  4.92(398),  4.91(375),  4.87(409),  4.69(396),  4.45(369),  4.38(386),  4.36(365),  4.25(366),  4.21(401),  4.18(393),  4.16(387),  4.10(372),  4.09(361),  4.08(399),  3.99(390),  3.97(411),  3.59(407),  3.52(410),  3.18(405),  3.11(419),  3.05(374),  2.86(385),  2.84(406),  2.78(397),  2.73(388),  2.52(417),  2.42(391),  2.15(389),  2.13(384),  1.94(413),  1.94(392),  1.79(370),  1.76(377),  1.69(383),  1.62(367),  1.58(414),  1.52(404),  1.50(403),  1.41(420),  1.34(423),  1.30(394),  1.27(395),  1.22(378),  1.19(381),  1.13(418),  1.02(416),  1.00(382),  0.94(364),  0.77(380),  0.69(421),  0.68(373),  0.61(362),  0.45(424),  0.31(402),  0.13(422),  0.03(408), 
Distant of points(mm) belongs the plane 1 (50 points): 
 7.77(345),  6.72(343),  6.40(335),  6.20(328),  6.12(331),  5.70(313),  5.68(360),  5.55(339),  5.24(317),  4.63(316),  4.22(318),  3.91(336),  3.88(323),  3.74(320),  3.38(314),  3.21(351),  2.75(330),  2.69(329),  2.56(358),  2.48(347),  2.46(349),  2.44(346),  2.44(355),  2.36(321),  2.32(334),  2.27(350),  2.25(312),  2.16(319),  2.12(337),  1.99(340),  1.78(332),  1.76(352),  1.69(353),  1.63(354),  1.58(356),  1.50(315),  1.49(359),  1.44(344),  1.29(327),  1.27(325),  1.05(322),  0.99(341),  0.96(326),  0.82(338),  0.57(342),  0.46(357),  0.45(324),  0.31(311),  0.31(333),  0.00(348), 
Distant of points(mm) belongs the plane 5 (15 points): 
 8.95(434),  6.01(436),  5.66(429),  4.19(437),  3.93(427),  3.24(426),  3.08(435),  2.51(425),  1.80(430),  1.62(432),  1.57(439),  1.42(438),  1.23(428),  0.59(431),  0.17(433), 
Distant of points(mm) belongs the plane 6 (56 points): 
17.76(487), 15.07(485), 10.07(473),  9.72(441),  9.63(490),  9.44(472),  9.28(440),  9.22(486),  8.85(464),  8.32(442),  7.74(454),  7.69(482),  7.54(463),  7.42(492),  7.32(474),  7.30(483),  7.25(476),  6.99(488),  6.91(479),  6.41(481),  6.38(471),  6.34(462),  6.19(484),  6.14(470),  5.93(495),  4.75(444),  4.71(465),  4.52(475),  4.18(447),  3.96(478),  3.59(449),  3.52(453),  3.43(493),  3.30(467),  3.23(468),  2.99(458),  2.77(489),  2.76(450),  2.69(459),  2.67(455),  2.64(457),  2.63(460),  2.42(452),  1.35(448),  1.26(466),  1.25(446),  1.25(491),  1.18(477),  1.13(494),  1.06(480),  1.01(443),  0.91(456),  0.78(461),  0.65(469),  0.36(451),  0.04(445), 
Distant of points(mm) belongs the plane 7 (15 points): 
22.38(506), 12.03(510),  8.24(498),  7.04(500),  6.88(508),  6.42(505),  5.93(502),  5.13(509),  4.60(507),  4.30(497),  3.33(501),  3.29(504),  2.34(499),  1.14(496),  0.76(503), 
