CHECKING DISTANT FROM POINTS TO AVERAGE PLANE TO REMOVE INCORRECT POINT. 

Distant of points(mm) belongs the plane 0 (61 points): 
14.33(60), 12.90(59), 12.05(61), 10.30(34),  9.76(21),  9.67(31),  9.33(58),  9.24(23),  8.97(56),  8.70(22),  8.46(27),  7.89(19),  7.82(45),  7.29(33),  7.28(32),  7.22(69),  6.03(15),  5.76(28),  5.32(29),  5.10(55),  5.05(30),  5.04(14),  4.85(44),  4.59(62),  4.57(20),  4.03(57),  3.98(38),  3.93(18),  3.89(46),  3.88(36),  3.77(37),  3.56(26),  3.40(43),  3.38(16),  3.26(35),  3.18(40),  3.13(54),  2.94(63),  2.47(9),  1.99(13),  1.82(50),  1.78(65),  1.68(39),  1.61(11),  1.60(25),  1.57(10),  1.47(67),  1.45(68),  1.41(53),  1.40(12),  1.23(64),  1.19(24),  1.06(41),  1.02(66),  0.68(47),  0.67(48),  0.63(51),  0.60(52),  0.57(17),  0.23(42),  0.06(49), 
Distant of points(mm) belongs the plane 1 (59 points): 
18.98(89), 17.33(88), 14.60(90), 13.64(87), 12.93(105),  9.91(86),  8.41(106),  8.11(82),  7.87(104),  7.30(75),  6.47(80),  6.16(81),  5.95(70),  5.87(84),  4.92(120),  4.91(72),  4.84(112),  4.73(128),  4.67(111),  4.50(93),  4.43(97),  4.25(94),  4.07(123),  3.84(73),  3.82(74),  3.76(92),  3.54(110),  3.45(79),  3.41(101),  3.20(76),  3.16(125),  3.14(78),  2.96(113),  2.95(121),  2.92(95),  2.88(127),  2.82(119),  2.71(117),  2.61(100),  2.46(102),  2.43(126),  2.43(124),  2.26(96),  2.20(85),  2.17(115),  2.10(99),  1.97(107),  1.65(77),  1.46(108),  1.44(91),  1.34(118),  1.31(109),  0.98(83),  0.72(116),  0.62(114),  0.58(71),  0.41(103),  0.38(122),  0.35(98), 
Distant of points(mm) belongs the plane 2 (96 points): 
29.53(200), 25.18(199), 23.12(137), 22.12(201), 21.21(198), 20.42(221), 19.85(136), 19.41(153), 17.02(154), 16.97(222), 16.94(186), 16.69(220), 16.63(197), 16.62(152), 14.78(224), 13.99(223), 13.96(209), 13.86(185), 13.62(144), 13.22(129), 12.33(212), 12.09(135), 12.03(219), 11.92(134), 11.86(155), 11.39(196), 11.35(202), 11.10(210), 10.67(151), 10.55(211),  9.73(184),  9.30(163),  9.29(133),  8.87(156),  8.61(145),  8.52(213),  8.31(218),  8.03(143),  7.95(165),  7.87(130),  7.59(177),  7.33(150),  7.26(187),  7.12(164),  7.11(161),  7.02(167),  6.86(166),  6.86(195),  6.62(162),  6.58(183),  6.35(168),  5.98(157),  5.67(217),  5.16(172),  5.02(132),  4.94(169),  4.91(173),  4.53(141),  4.45(216),  4.44(176),  4.24(181),  4.21(203),  3.98(174),  3.70(146),  3.36(182),  3.33(170),  3.02(207),  3.02(140),  2.96(149),  2.76(206),  2.75(171),  2.74(180),  2.52(214),  2.30(194),  2.30(131),  2.29(193),  2.28(175),  2.25(160),  1.87(139),  1.86(189),  1.77(204),  1.72(208),  1.67(142),  1.35(179),  1.19(192),  1.16(188),  0.93(205),  0.92(190),  0.79(138),  0.66(158),  0.64(191),  0.62(178),  0.60(215),  0.43(159),  0.18(147),  0.07(148), 
Distant of points(mm) belongs the plane 3 (73 points): 
18.41(235), 18.13(279), 17.60(236), 16.66(252), 15.18(287), 15.01(225), 13.27(228), 12.87(251), 12.20(226), 12.11(280), 11.23(288), 11.09(296), 10.96(295), 10.66(227), 10.60(229), 10.25(294), 10.16(237),  8.90(230),  8.83(281),  8.82(293),  8.50(278),  8.39(243),  8.18(271),  8.13(270),  7.75(292),  7.60(286),  7.02(250),  6.84(289),  6.81(238),  6.54(272),  6.41(285),  6.24(242),  5.93(254),  5.86(291),  5.55(255),  5.43(231),  5.32(283),  5.21(256),  5.17(249),  5.09(253),  4.79(297),  4.58(282),  3.83(257),  3.78(258),  3.68(239),  3.49(277),  3.18(290),  2.79(232),  2.44(259),  2.43(261),  2.18(240),  2.18(241),  2.12(262),  2.06(274),  1.79(265),  1.75(248),  1.67(273),  1.60(267),  1.57(276),  1.57(244),  1.51(268),  1.48(233),  1.44(260),  1.34(234),  1.31(263),  0.64(275),  0.58(264),  0.51(247),  0.08(284),  0.06(266),  0.05(269),  0.02(245),  0.01(246), 
Distant of points(mm) belongs the plane 4 (59 points): 
26.84(335), 26.66(334), 25.64(336), 24.51(333), 23.28(357), 22.51(319), 21.78(346), 20.35(356), 20.23(331), 20.22(321), 20.18(337), 20.16(344), 19.94(348), 19.69(353), 19.60(332), 19.60(338), 19.52(320), 18.12(307), 17.47(347), 17.10(349), 17.00(355), 16.57(330), 14.81(329), 14.09(350), 13.40(341), 12.70(339), 12.25(308), 11.84(306), 11.26(340), 11.21(325), 10.28(326), 10.20(327), 10.07(322), 10.05(354),  9.71(309),  8.95(314),  8.80(351),  8.71(342),  7.94(328),  7.59(310),  7.35(305),  7.05(318),  5.39(312),  4.95(315),  4.84(343),  4.50(304),  4.48(324),  3.69(352),  3.36(299),  2.02(311),  1.20(300),  0.97(301),  0.77(303),  0.76(302),  0.53(317),  0.52(323),  0.44(316),  0.28(313),  0.06(298), 
Distant of points(mm) belongs the plane 5 (42 points): 
25.40(382), 20.77(383), 19.99(381), 19.59(384), 16.60(380), 16.55(365), 15.89(397), 15.57(366), 15.14(364), 13.41(386), 12.60(396), 12.38(385), 12.37(379), 11.00(390), 10.94(398), 10.39(363),  9.86(399),  8.50(388),  8.41(378),  8.11(395),  7.65(377),  7.44(362),  7.16(391),  7.03(361),  6.93(394),  6.80(387),  5.69(389),  5.59(393),  5.28(371),  5.11(392),  5.10(358),  3.97(369),  3.43(370),  3.30(372),  3.11(368),  3.01(360),  2.48(376),  1.03(374),  0.50(367),  0.43(375),  0.27(359),  0.08(373), 
Distant of points(mm) belongs the plane 6 (35 points): 
 8.87(416),  8.65(425),  7.43(402),  7.12(427),  6.68(419),  6.13(407),  5.89(434),  5.37(400),  5.25(412),  5.19(404),  4.31(415),  4.13(431),  4.01(429),  3.96(414),  3.68(411),  3.62(426),  3.23(417),  2.56(408),  2.50(430),  2.48(410),  2.43(428),  2.42(433),  2.13(420),  1.79(422),  1.61(403),  1.60(421),  1.43(413),  1.30(406),  1.26(418),  1.24(424),  1.03(409),  0.66(423),  0.13(405),  0.02(401),  0.00(432), 
Distant of points(mm) belongs the plane 7 (53 points): 
 6.77(442),  5.62(465),  5.41(480),  5.41(476),  4.91(441),  4.19(437),  4.06(475),  3.92(440),  3.74(466),  3.53(477),  3.37(479),  3.28(452),  3.13(457),  3.01(458),  2.72(451),  2.66(470),  2.57(486),  2.55(435),  2.55(463),  2.52(438),  2.49(473),  2.36(468),  2.33(456),  2.28(453),  2.15(462),  2.12(467),  2.09(436),  2.04(444),  1.90(482),  1.87(447),  1.80(481),  1.71(449),  1.60(454),  1.52(487),  1.50(448),  1.42(478),  1.38(483),  1.22(450),  1.21(469),  1.11(455),  0.97(472),  0.81(471),  0.77(460),  0.75(446),  0.70(443),  0.63(461),  0.50(485),  0.47(439),  0.37(464),  0.31(484),  0.30(445),  0.26(474),  0.22(459), 
Distant of points(mm) belongs the plane 8 (18 points): 
 7.43(499),  3.93(504),  3.68(491),  3.23(498),  3.21(492),  2.97(489),  2.58(494),  1.41(495),  1.14(488),  1.12(502),  0.92(500),  0.89(493),  0.74(503),  0.72(490),  0.58(496),  0.56(505),  0.54(501),  0.32(497), 
Distant of points(mm) belongs the plane 9 (66 points): 
 9.42(506),  8.95(534),  7.92(533),  7.69(508),  7.23(525),  6.57(541),  6.22(563),  6.06(507),  5.82(571),  5.47(526),  5.39(511),  5.36(542),  5.23(512),  5.10(519),  4.66(524),  4.64(527),  4.35(545),  4.34(532),  4.25(562),  3.81(514),  3.50(520),  3.48(549),  3.40(538),  3.37(528),  3.32(543),  3.13(515),  3.04(516),  3.03(529),  2.91(556),  2.69(564),  2.55(531),  2.39(540),  2.35(569),  2.28(535),  2.16(539),  2.16(548),  1.93(552),  1.91(557),  1.78(509),  1.76(561),  1.62(547),  1.39(518),  1.36(513),  1.32(566),  1.30(560),  1.28(567),  1.26(559),  1.15(554),  1.00(537),  0.97(565),  0.91(510),  0.85(551),  0.77(530),  0.76(522),  0.72(523),  0.59(570),  0.51(536),  0.46(558),  0.45(555),  0.43(546),  0.22(517),  0.21(568),  0.19(521),  0.12(553),  0.10(544),  0.05(550), 
Distant of points(mm) belongs the plane 10 (18 points): 
 9.59(574),  5.77(583),  4.94(589),  4.47(580),  4.39(586),  3.90(587),  3.88(572),  2.30(584),  2.09(582),  1.81(575),  1.78(576),  1.60(579),  1.40(573),  1.37(578),  1.29(577),  0.43(581),  0.17(585),  0.09(588), 
