Point ID     ,  Hz.(º ' "),  V.(º ' "),Slope Dist.(m),Refl.Ht.(m),Inst.Ht.(m),Easting(m),  Northing(m),  Height(m)
 7777            ,    0 00 03 ,   88 19 34,          0,      0.000,      1.400,            0,            0,          0
2	  ,  236 06 23 ,  119 35 54,      2.876,      0.000,      0.000,   0.32300,	  -2.19600,	   1.55400		, //old index 2
3	  ,  236 06 23 ,  119 35 54,      2.876,      0.000,      0.000,  -0.36500,	  -2.11900,	   1.54600		, //old index 3
4	  ,  236 06 23 ,  119 35 54,      2.876,      0.000,      0.000,  -0.81900,	  -2.05000,	   1.54300		, //old index 4
5	  ,  236 06 23 ,  119 35 54,      2.876,      0.000,      0.000,  -1.24300,	  -1.97600,	   1.52500		, //old index 5
6	  ,  236 06 23 ,  119 35 54,      2.876,      0.000,      0.000,  -1.28000,	  -2.60300,	   1.51400		, //old index 6
7	  ,  236 06 23 ,  119 35 54,      2.876,      0.000,      0.000,  -0.83300,	  -2.69900,	   1.52100		, //old index 7
8	  ,  236 06 23 ,  119 35 54,      2.876,      0.000,      0.000,   0.24800,	  -2.82000,	   1.53700		, //old index 8
9	  ,  236 06 23 ,  119 35 54,      2.876,      0.000,      0.000,  -0.42700,	  -3.32000,	   1.50700		, //old index 9
10	  ,  236 06 23 ,  119 35 54,      2.876,      0.000,      0.000,  -0.33400,	  -3.38900,	   1.50800		, //old index 10
11	  ,  236 06 23 ,  119 35 54,      2.876,      0.000,      0.000,  -1.30500,	  -1.59100,	   1.64400		, //old index 11
12	  ,  236 06 23 ,  119 35 54,      2.876,      0.000,      0.000,  -1.24900,	  -1.61100,	   2.06700		, //old index 12
13	  ,  236 06 23 ,  119 35 54,      2.876,      0.000,      0.000,  -0.59000,	  -1.68500,	   2.05700		, //old index 13
14	  ,  236 06 23 ,  119 35 54,      2.876,      0.000,      0.000,  -0.58600,	  -1.67300,	   1.64300		, //old index 14
15	  ,  236 06 23 ,  119 35 54,      2.876,      0.000,      0.000,   0.13400,	  -1.76200,	   2.06400		, //old index 15
16	  ,  236 06 23 ,  119 35 54,      2.876,      0.000,      0.000,   0.25000,	  -1.76800,	   1.68800		, //old index 16
17	  ,  236 06 23 ,  119 35 54,      2.876,      0.000,      0.000,   0.20600,	  -1.76500,	   1.87900		, //old index 17
18	  ,  236 06 23 ,  119 35 54,      2.876,      0.000,      0.000,  -0.51500,	  -1.68600,	   1.86500		, //old index 18
19	  ,  236 06 23 ,  119 35 54,      2.876,      0.000,      0.000,  -1.16000,	  -1.61200,	   1.82900		, //old index 19
20	  ,  236 06 23 ,  119 35 54,      2.876,      0.000,      0.000,  -1.10500,	  -1.53500,	   2.24300		, //old index 20
21	  ,  236 06 23 ,  119 35 54,      2.876,      0.000,      0.000,  -0.53700,	  -1.64400,	   2.24400		, //old index 21
22	  ,  236 06 23 ,  119 35 54,      2.876,      0.000,      0.000,  -1.48800,	  -0.82200,	   2.27800		, //old index 22
23	  ,  236 06 23 ,  119 35 54,      2.876,      0.000,      0.000,  -0.67200,	  -0.67000,	   2.29700		, //old index 23
24	  ,  236 06 23 ,  119 35 54,      2.876,      0.000,      0.000,  -0.70200,	  -0.98400,	   2.28600		, //old index 24
25	  ,  236 06 23 ,  119 35 54,      2.876,      0.000,      0.000,  -0.29800,	  -0.70100,	   2.29900		, //old index 25
26	  ,  236 06 23 ,  119 35 54,      2.876,      0.000,      0.000,  -0.32000,	  -1.01700,	   2.28900		, //old index 26
27	  ,  236 06 23 ,  119 35 54,      2.876,      0.000,      0.000,   0.43700,	  -0.81800,	   2.31500		, //old index 27
28	  ,  236 06 23 ,  119 35 54,      2.876,      0.000,      0.000,   0.54700,	  -1.10700,	   2.30600		, //old index 28
29	  ,  236 06 23 ,  119 35 54,      2.876,      0.000,      0.000,  -1.22800,	   0.04300,	   2.30700		, //old index 29
30	  ,  236 06 23 ,  119 35 54,      2.876,      0.000,      0.000,  -0.57400,	  -0.04500,	   2.29900		, //old index 30
31	  ,  236 06 23 ,  119 35 54,      2.876,      0.000,      0.000,  -0.31300,	  -0.36900,	   2.30000		, //old index 31
32	  ,  236 06 23 ,  119 35 54,      2.876,      0.000,      0.000,   0.62700,	  -0.19100,	   2.31000		, //old index 32
33	  ,  236 06 23 ,  119 35 54,      2.876,      0.000,      0.000,   0.76700,	   0.49900,	   2.35500		, //old index 33
34	  ,  236 06 23 ,  119 35 54,      2.876,      0.000,      0.000,  -0.15800,	   0.57800,	   2.33300		, //old index 34
35	  ,  236 06 23 ,  119 35 54,      2.876,      0.000,      0.000,  -0.24900,	   0.26800,	   2.31500		, //old index 35
36	  ,  236 06 23 ,  119 35 54,      2.876,      0.000,      0.000,  -1.07400,	   0.35600,	   2.31400		, //old index 36
37	  ,  236 06 23 ,  119 35 54,      2.876,      0.000,      0.000,  -1.48600,	   0.59500,	   2.31400		, //old index 37
38	  ,  236 06 23 ,  119 35 54,      2.876,      0.000,      0.000,  -1.38100,	   0.83000,	   2.10600		, //old index 38
39	  ,  236 06 23 ,  119 35 54,      2.876,      0.000,      0.000,  -1.49300,	   0.89700,	   1.59400		, //old index 39
40	  ,  236 06 23 ,  119 35 54,      2.876,      0.000,      0.000,  -1.25300,	   0.86200,	   0.62400		, //old index 40
41	  ,  236 06 23 ,  119 35 54,      2.876,      0.000,      0.000,  -1.00800,	   0.82400,	   0.03600		, //old index 41
42	  ,  236 06 23 ,  119 35 54,      2.876,      0.000,      0.000,  -0.72700,	   0.79800,	  -0.63500		, //old index 42
43	  ,  236 06 23 ,  119 35 54,      2.876,      0.000,      0.000,  -0.23500,	   0.75600,	  -1.11800		, //old index 43
44	  ,  236 06 23 ,  119 35 54,      2.876,      0.000,      0.000,   0.85800,	   0.60400,	  -1.05800		, //old index 44
45	  ,  236 06 23 ,  119 35 54,      2.876,      0.000,      0.000,   0.84300,	   0.59800,	  -0.03800		, //old index 45
46	  ,  236 06 23 ,  119 35 54,      2.876,      0.000,      0.000,   0.83200,	   0.59100,	   0.55200		, //old index 46
47	  ,  236 06 23 ,  119 35 54,      2.876,      0.000,      0.000,   0.79000,	   0.56000,	   2.19200		, //old index 47
48	  ,  236 06 23 ,  119 35 54,      2.876,      0.000,      0.000,  -0.14400,	   0.66900,	   2.17600		, //old index 48
49	  ,  236 06 23 ,  119 35 54,      2.876,      0.000,      0.000,  -0.15100,	   0.70100,	   0.90000		, //old index 49
50	  ,  236 06 23 ,  119 35 54,      2.876,      0.000,      0.000,  -0.44900,	   0.75200,	  -0.08000		, //old index 50
51	  ,  236 06 23 ,  119 35 54,      2.876,      0.000,      0.000,   0.32900,	   0.66500,	  -0.88700		, //old index 51
52	  ,  236 06 23 ,  119 35 54,      2.876,      0.000,      0.000,   0.91200,	   0.52200,	  -0.87100		, //old index 52
53	  ,  236 06 23 ,  119 35 54,      2.876,      0.000,      0.000,   0.89700,	   0.51400,	  -0.23400		, //old index 53
54	  ,  236 06 23 ,  119 35 54,      2.876,      0.000,      0.000,   0.87700,	   0.50200,	   0.43600		, //old index 54
55	  ,  236 06 23 ,  119 35 54,      2.876,      0.000,      0.000,   0.79300,	  -0.27100,	   0.46000		, //old index 55
56	  ,  236 06 23 ,  119 35 54,      2.876,      0.000,      0.000,   0.80800,	  -0.27600,	  -0.21100		, //old index 56
57	  ,  236 06 23 ,  119 35 54,      2.876,      0.000,      0.000,   0.82500,	  -0.28200,	  -0.86300		, //old index 57
58	  ,  236 06 23 ,  119 35 54,      2.876,      0.000,      0.000,   0.73400,	  -1.06200,	  -1.05600		, //old index 58
59	  ,  236 06 23 ,  119 35 54,      2.876,      0.000,      0.000,   0.72200,	  -1.04500,	  -0.37900		, //old index 59
60	  ,  236 06 23 ,  119 35 54,      2.876,      0.000,      0.000,   0.70500,	  -1.02100,	   0.36600		, //old index 60
61	  ,  236 06 23 ,  119 35 54,      2.876,      0.000,      0.000,   0.66500,	  -1.13400,	   1.63200		, //old index 61
62	  ,  236 06 23 ,  119 35 54,      2.876,      0.000,      0.000,   0.75100,	  -0.33600,	   1.95200		, //old index 62
63	  ,  236 06 23 ,  119 35 54,      2.876,      0.000,      0.000,   0.75500,	  -0.33800,	   1.69300		, //old index 63
64	  ,  236 06 23 ,  119 35 54,      2.876,      0.000,      0.000,   0.82100,	   0.27700,	   1.92700		, //old index 64
65	  ,  236 06 23 ,  119 35 54,      2.876,      0.000,      0.000,   0.52100,	  -2.84500,	  -0.88800		, //old index 65
66	  ,  236 06 23 ,  119 35 54,      2.876,      0.000,      0.000,   0.51600,	  -2.82200,	  -0.39200		, //old index 66
67	  ,  236 06 23 ,  119 35 54,      2.876,      0.000,      0.000,   0.51000,	  -2.78800,	   0.03700		, //old index 67
68	  ,  236 06 23 ,  119 35 54,      2.876,      0.000,      0.000,   0.49900,	  -2.82700,	   0.36700		, //old index 68
69	  ,  236 06 23 ,  119 35 54,      2.876,      0.000,      0.000,  -0.39400,	  -3.46800,	   1.40000		, //old index 69
70	  ,  236 06 23 ,  119 35 54,      2.876,      0.000,      0.000,  -0.39200,	  -3.45500,	   0.90400		, //old index 70
71	  ,  236 06 23 ,  119 35 54,      2.876,      0.000,      0.000,  -0.28000,	  -3.45700,	   0.23800		, //old index 71
72	  ,  236 06 23 ,  119 35 54,      2.876,      0.000,      0.000,  -0.71500,	  -3.42600,	   1.02000		, //old index 72
73	  ,  236 06 23 ,  119 35 54,      2.876,      0.000,      0.000,  -0.61300,	  -3.44300,	   1.32400		, //old index 73
74	  ,  236 06 23 ,  119 35 54,      2.876,      0.000,      0.000,  -0.62600,	  -3.43100,	   0.81300		, //old index 74
75	  ,  236 06 23 ,  119 35 54,      2.876,      0.000,      0.000,  -0.36000,	  -3.45000,	   0.37700		, //old index 75
76	  ,  236 06 23 ,  119 35 54,      2.876,      0.000,      0.000,  -0.30300,	  -3.46300,	   0.81100		, //old index 76
77	  ,  236 06 23 ,  119 35 54,      2.876,      0.000,      0.000,   0.83300,	   0.48000,	  -1.23300		, //old index 77
78	  ,  236 06 23 ,  119 35 54,      2.876,      0.000,      0.000,  -0.32900,	   0.74300,	  -1.24200		, //old index 78
79	  ,  236 06 23 ,  119 35 54,      2.876,      0.000,      0.000,   0.25100,	   0.67500,	  -1.23500		, //old index 79
80	  ,  236 06 23 ,  119 35 54,      2.876,      0.000,      0.000,  -0.02100,	  -0.94800,	  -1.25000		, //old index 80
81	  ,  236 06 23 ,  119 35 54,      2.876,      0.000,      0.000,   0.21700,	  -1.11500,	  -1.23700		, //old index 81
82	  ,  236 06 23 ,  119 35 54,      2.876,      0.000,      0.000,   0.72400,	  -1.16900,	  -1.24100		, //old index 82
83	  ,  236 06 23 ,  119 35 54,      2.876,      0.000,      0.000,   0.77300,	  -0.78900,	  -1.23200		, //old index 83
84	  ,  236 06 23 ,  119 35 54,      2.876,      0.000,      0.000,   0.83300,	  -0.30000,	  -1.23200		, //old index 84
85	  ,  236 06 23 ,  119 35 54,      2.876,      0.000,      0.000,   0.88500,	   0.19900,	  -1.21400		, //old index 85
86	  ,  236 06 23 ,  119 35 54,      2.876,      0.000,      0.000,  -0.33500,	  -2.78600,	  -0.48200		, //old index 86
87	  ,  236 06 23 ,  119 35 54,      2.876,      0.000,      0.000,  -0.44100,	  -2.21700,	  -0.49500		, //old index 87
88	  ,  236 06 23 ,  119 35 54,      2.876,      0.000,      0.000,  -0.46600,	  -2.07300,	  -0.49900		, //old index 88
89	  ,  236 06 23 ,  119 35 54,      2.876,      0.000,      0.000,  -0.25400,	  -2.08400,	  -0.73800		, //old index 89
90	  ,  236 06 23 ,  119 35 54,      2.876,      0.000,      0.000,  -0.15800,	  -2.07900,	  -0.84200		, //old index 90
91	  ,  236 06 23 ,  119 35 54,      2.876,      0.000,      0.000,  -0.63800,	  -2.73400,	  -0.10100		, //old index 91
92	  ,  236 06 23 ,  119 35 54,      2.876,      0.000,      0.000,  -0.80700,	  -2.74300,	   0.17100		, //old index 92
93	  ,  236 06 23 ,  119 35 54,      2.876,      0.000,      0.000,  -1.01100,	  -2.72100,	   0.51400		, //old index 93
94	  ,  236 06 23 ,  119 35 54,      2.876,      0.000,      0.000,  -1.02800,	  -2.55400,	   0.51000		, //old index 94
95	  ,  236 06 23 ,  119 35 54,      2.876,      0.000,      0.000,  -0.85200,	  -2.53000,	   0.19800		, //old index 95
96	  ,  236 06 23 ,  119 35 54,      2.876,      0.000,      0.000,  -0.72100,	  -2.52900,	  -0.02500		, //old index 96
97	  ,  236 06 23 ,  119 35 54,      2.876,      0.000,      0.000,  -1.11100,	  -2.08400,	   0.53900		, //old index 97
98	  ,  236 06 23 ,  119 35 54,      2.876,      0.000,      0.000,  -0.97500,	  -2.06200,	   0.27400		, //old index 98
99	  ,  236 06 23 ,  119 35 54,      2.876,      0.000,      0.000,  -0.83600,	  -2.10500,	   0.03300		, //old index 99
100	  ,  236 06 23 ,  119 35 54,      2.876,      0.000,      0.000,  -1.46800,	  -2.13500,	   1.40000		, //old index 100
101	  ,  236 06 23 ,  119 35 54,      2.876,      0.000,      0.000,  -1.41500,	  -2.47200,	   1.33600		, //old index 101
102	  ,  236 06 23 ,  119 35 54,      2.876,      0.000,      0.000,  -1.43100,	  -1.97900,	   1.26700		, //old index 102
103	  ,  236 06 23 ,  119 35 54,      2.876,      0.000,      0.000,  -1.15600,	  -2.14000,	   0.64100		, //old index 103
104	  ,  236 06 23 ,  119 35 54,      2.876,      0.000,      0.000,  -1.03700,	  -2.70700,	   0.56000		, //old index 104
105	  ,  236 06 23 ,  119 35 54,      2.876,      0.000,      0.000,  -1.04800,	  -2.54400,	   0.54300		, //old index 105
106	  ,  236 06 23 ,  119 35 54,      2.876,      0.000,      0.000,  -1.08900,	  -2.10600,	   0.50000		, //old index 106
107	  ,  236 06 23 ,  119 35 54,      2.876,      0.000,      0.000,  -0.15200,	  -0.93500,	  -1.12100		, //old index 107
108	  ,  236 06 23 ,  119 35 54,      2.876,      0.000,      0.000,  -0.42100,	  -0.93700,	  -0.84500		, //old index 108
109	  ,  236 06 23 ,  119 35 54,      2.876,      0.000,      0.000,  -0.67400,	  -0.98400,	  -0.51700		, //old index 109
110	  ,  236 06 23 ,  119 35 54,      2.876,      0.000,      0.000,  -0.77500,	  -0.28100,	  -0.50300		, //old index 110
111	  ,  236 06 23 ,  119 35 54,      2.876,      0.000,      0.000,  -0.52500,	  -0.32600,	  -0.81700		, //old index 111
112	  ,  236 06 23 ,  119 35 54,      2.876,      0.000,      0.000,  -0.87600,	   0.68500,	  -0.53700		, //old index 112
113	  ,  236 06 23 ,  119 35 54,      2.876,      0.000,      0.000,  -0.66100,	   0.67900,	  -0.85500		, //old index 113
114	  ,  236 06 23 ,  119 35 54,      2.876,      0.000,      0.000,  -0.45400,	   0.64200,	  -1.09800		, //old index 114
115	  ,  236 06 23 ,  119 35 54,      2.876,      0.000,      0.000,  -0.83600,	  -0.90300,	  -0.29000		, //old index 115
116	  ,  236 06 23 ,  119 35 54,      2.876,      0.000,      0.000,  -1.04900,	  -0.87200,	   0.09000		, //old index 116
117	  ,  236 06 23 ,  119 35 54,      2.876,      0.000,      0.000,  -1.23800,	  -0.92100,	   0.51500		, //old index 117
118	  ,  236 06 23 ,  119 35 54,      2.876,      0.000,      0.000,  -1.25700,	  -0.52200,	   0.51400		, //old index 118
119	  ,  236 06 23 ,  119 35 54,      2.876,      0.000,      0.000,  -1.05300,	  -0.51900,	   0.02500		, //old index 119
120	  ,  236 06 23 ,  119 35 54,      2.876,      0.000,      0.000,  -0.88500,	  -0.52300,	  -0.27200		, //old index 120
121	  ,  236 06 23 ,  119 35 54,      2.876,      0.000,      0.000,  -1.27300,	  -0.15300,	   0.50800		, //old index 121
122	  ,  236 06 23 ,  119 35 54,      2.876,      0.000,      0.000,  -1.06800,	  -0.12800,	  -0.03200		, //old index 122
123	  ,  236 06 23 ,  119 35 54,      2.876,      0.000,      0.000,  -0.89300,	  -0.16100,	  -0.34700		, //old index 123
124	  ,  236 06 23 ,  119 35 54,      2.876,      0.000,      0.000,  -1.28900,	   0.80600,	   0.52700		, //old index 124
125	  ,  236 06 23 ,  119 35 54,      2.876,      0.000,      0.000,  -1.11900,	   0.75400,	  -0.02500		, //old index 125
126	  ,  236 06 23 ,  119 35 54,      2.876,      0.000,      0.000,  -0.98200,	   0.70500,	  -0.34100		, //old index 126
127	  ,  236 06 23 ,  119 35 54,      2.876,      0.000,      0.000,  -1.63100,	  -0.87600,	   2.08400		, //old index 127
128	  ,  236 06 23 ,  119 35 54,      2.876,      0.000,      0.000,  -1.50800,	  -0.88800,	   1.39200		, //old index 128
129	  ,  236 06 23 ,  119 35 54,      2.876,      0.000,      0.000,  -1.28400,	  -0.88100,	   0.63600		, //old index 129
130	  ,  236 06 23 ,  119 35 54,      2.876,      0.000,      0.000,  -1.59200,	  -0.10400,	   2.19300		, //old index 130
131	  ,  236 06 23 ,  119 35 54,      2.876,      0.000,      0.000,  -1.51400,	  -0.09900,	   1.58100		, //old index 131
132	  ,  236 06 23 ,  119 35 54,      2.876,      0.000,      0.000,  -1.48200,	  -0.09700,	   1.38800		, //old index 132
133	  ,  236 06 23 ,  119 35 54,      2.876,      0.000,      0.000,  -1.32200,	  -0.12600,	   0.64400		, //old index 133
134	  ,  236 06 23 ,  119 35 54,      2.876,      0.000,      0.000,  -1.52600,	   0.71200,	   2.11200		, //old index 134
135	  ,  236 06 23 ,  119 35 54,      2.876,      0.000,      0.000,  -1.46600,	   0.68400,	   1.44900		, //old index 135
136	  ,  236 06 23 ,  119 35 54,      2.876,      0.000,      0.000,  -1.32800,	   0.84100,	   0.69300		, //old index 136
137	  ,  236 06 23 ,  119 35 54,      2.876,      0.000,      0.000,   0.08800,	   1.18500,	  -1.22900		, //old index 137
138	  ,  236 06 23 ,  119 35 54,      2.876,      0.000,      0.000,  -0.47300,	   2.62500,	  -0.87900		, //old index 138
139	  ,  236 06 23 ,  119 35 54,      2.876,      0.000,      0.000,   0.25900,	   3.68700,	  -0.91900		, //old index 139
140	  ,  236 06 23 ,  119 35 54,      2.876,      0.000,      0.000,   0.85800,	   1.26400,	  -0.52100		, //old index 140
141	  ,  236 06 23 ,  119 35 54,      2.876,      0.000,      0.000,   0.33333,	   3.70800,	   0.07467		, //old index 2
142	  ,  236 06 23 ,  119 35 54,      2.876,      0.000,      0.000,   0.29033,	   1.13000,	  -1.18633		, //old index 3
143	  ,  236 06 23 ,  119 35 54,      2.876,      0.000,      0.000,  -0.48267,	   2.49600,	  -0.85833		, //old index 4
144	  ,  236 06 23 ,  119 35 54,      2.876,      0.000,      0.000,   0.04033,	   3.66900,	  -0.95633		, //old index 5
145	  ,  236 06 23 ,  119 35 54,      2.876,      0.000,      0.000,   1.08633,	   1.41100,	  -0.50433		, //old index 6
146	  ,  236 06 23 ,  119 35 54,      2.876,      0.000,      0.000,   0.83933,	   3.71800,	  -1.03433		, //old index 7
147	  ,  236 06 23 ,  119 35 54,      2.876,      0.000,      0.000,   0.84233,	   3.72800,	  -0.25833		, //old index 8
148	  ,  236 06 23 ,  119 35 54,      2.876,      0.000,      0.000,   0.84333,	   3.73200,	   0.21567		, //old index 9
149	  ,  236 06 23 ,  119 35 54,      2.876,      0.000,      0.000,   0.84533,	   3.73800,	   0.60867		, //old index 10
150	  ,  236 06 23 ,  119 35 54,      2.876,      0.000,      0.000,   0.84733,	   3.74700,	   1.29467		, //old index 11
151	  ,  236 06 23 ,  119 35 54,      2.876,      0.000,      0.000,   0.84933,	   3.75300,	   1.80967		, //old index 12
152	  ,  236 06 23 ,  119 35 54,      2.876,      0.000,      0.000,   0.85033,	   3.75600,	   2.21767		, //old index 13
153	  ,  236 06 23 ,  119 35 54,      2.876,      0.000,      0.000,   0.16233,	   3.73200,	   2.21367		, //old index 14
154	  ,  236 06 23 ,  119 35 54,      2.876,      0.000,      0.000,   0.16433,	   3.72100,	   1.56567		, //old index 15
155	  ,  236 06 23 ,  119 35 54,      2.876,      0.000,      0.000,   0.16433,	   3.71300,	   1.11267		, //old index 16
156	  ,  236 06 23 ,  119 35 54,      2.876,      0.000,      0.000,   0.16533,	   3.70800,	   0.61867		, //old index 17
157	  ,  236 06 23 ,  119 35 54,      2.876,      0.000,      0.000,   0.16633,	   3.69700,	  -0.06333		, //old index 18
158	  ,  236 06 23 ,  119 35 54,      2.876,      0.000,      0.000,   0.16733,	   3.68200,	  -0.79933		, //old index 19
159	  ,  236 06 23 ,  119 35 54,      2.876,      0.000,      0.000,   0.16733,	   3.67600,	  -1.06433		, //old index 20
160	  ,  236 06 23 ,  119 35 54,      2.876,      0.000,      0.000,  -0.61467,	   3.63900,	  -1.08733		, //old index 21
161	  ,  236 06 23 ,  119 35 54,      2.876,      0.000,      0.000,  -0.61767,	   3.64500,	  -0.63733		, //old index 22
162	  ,  236 06 23 ,  119 35 54,      2.876,      0.000,      0.000,  -0.62267,	   3.65400,	  -0.26033		, //old index 23
163	  ,  236 06 23 ,  119 35 54,      2.876,      0.000,      0.000,  -0.62767,	   3.66300,	   0.17867		, //old index 24
164	  ,  236 06 23 ,  119 35 54,      2.876,      0.000,      0.000,  -0.63067,	   3.66900,	   0.60567		, //old index 25
165	  ,  236 06 23 ,  119 35 54,      2.876,      0.000,      0.000,  -0.63367,	   3.67300,	   1.10967		, //old index 26
166	  ,  236 06 23 ,  119 35 54,      2.876,      0.000,      0.000,  -0.63767,	   3.68000,	   1.52067		, //old index 27
167	  ,  236 06 23 ,  119 35 54,      2.876,      0.000,      0.000,  -0.62267,	   3.65500,	   1.98967		, //old index 28
168	  ,  236 06 23 ,  119 35 54,      2.876,      0.000,      0.000,  -0.65667,	   3.67900,	   2.24167		, //old index 29
169	  ,  236 06 23 ,  119 35 54,      2.876,      0.000,      0.000,  -1.10767,	   3.64100,	   2.13767		, //old index 30
170	  ,  236 06 23 ,  119 35 54,      2.876,      0.000,      0.000,  -1.14167,	   3.68100,	   1.53067		, //old index 31
171	  ,  236 06 23 ,  119 35 54,      2.876,      0.000,      0.000,  -1.19167,	   3.64900,	   0.68367		, //old index 32
172	  ,  236 06 23 ,  119 35 54,      2.876,      0.000,      0.000,  -1.16867,	   3.63000,	   0.36667		, //old index 33
173	  ,  236 06 23 ,  119 35 54,      2.876,      0.000,      0.000,  -0.97967,	   3.63400,	  -0.19833		, //old index 34
174	  ,  236 06 23 ,  119 35 54,      2.876,      0.000,      0.000,  -1.01967,	   3.62200,	  -0.89733		, //old index 35
175	  ,  236 06 23 ,  119 35 54,      2.876,      0.000,      0.000,   1.03033,	   3.66200,	  -1.07233		, //old index 36
176	  ,  236 06 23 ,  119 35 54,      2.876,      0.000,      0.000,   1.02933,	   3.66100,	  -0.59633		, //old index 37
177	  ,  236 06 23 ,  119 35 54,      2.876,      0.000,      0.000,   1.03333,	   3.67000,	   0.02067		, //old index 38
178	  ,  236 06 23 ,  119 35 54,      2.876,      0.000,      0.000,   1.03633,	   3.67900,	   0.53367		, //old index 39
179	  ,  236 06 23 ,  119 35 54,      2.876,      0.000,      0.000,   1.04533,	   3.70100,	   1.57067		, //old index 40
180	  ,  236 06 23 ,  119 35 54,      2.876,      0.000,      0.000,   1.16733,	   3.66100,	   2.23167		, //old index 41
181	  ,  236 06 23 ,  119 35 54,      2.876,      0.000,      0.000,   1.19033,	   2.95900,	   2.13567		, //old index 42
182	  ,  236 06 23 ,  119 35 54,      2.876,      0.000,      0.000,   1.10433,	   2.85900,	   1.62867		, //old index 43
183	  ,  236 06 23 ,  119 35 54,      2.876,      0.000,      0.000,   1.10233,	   2.85700,	   0.67767		, //old index 44
184	  ,  236 06 23 ,  119 35 54,      2.876,      0.000,      0.000,   1.09533,	   2.84900,	  -0.13133		, //old index 45
185	  ,  236 06 23 ,  119 35 54,      2.876,      0.000,      0.000,   1.09333,	   2.84600,	  -0.80233		, //old index 46
186	  ,  236 06 23 ,  119 35 54,      2.876,      0.000,      0.000,   1.09333,	   2.84600,	  -1.03833		, //old index 47
187	  ,  236 06 23 ,  119 35 54,      2.876,      0.000,      0.000,   1.17733,	   2.15200,	   2.31867		, //old index 48
188	  ,  236 06 23 ,  119 35 54,      2.876,      0.000,      0.000,   1.16633,	   2.15000,	   1.54567		, //old index 49
189	  ,  236 06 23 ,  119 35 54,      2.876,      0.000,      0.000,   1.15633,	   2.14700,	   0.64067		, //old index 50
190	  ,  236 06 23 ,  119 35 54,      2.876,      0.000,      0.000,   1.14833,	   2.14500,	  -0.07433		, //old index 51
191	  ,  236 06 23 ,  119 35 54,      2.876,      0.000,      0.000,   1.16533,	   2.14700,	  -1.02033		, //old index 52
192	  ,  236 06 23 ,  119 35 54,      2.876,      0.000,      0.000,   1.25233,	   1.51000,	   0.55467		, //old index 53
193	  ,  236 06 23 ,  119 35 54,      2.876,      0.000,      0.000,   1.20133,	   1.53500,	   0.11367		, //old index 54
194	  ,  236 06 23 ,  119 35 54,      2.876,      0.000,      0.000,   1.19833,	   1.53600,	  -0.35333		, //old index 55
195	  ,  236 06 23 ,  119 35 54,      2.876,      0.000,      0.000,   1.19433,	   1.53800,	  -0.86733		, //old index 56
196	  ,  236 06 23 ,  119 35 54,      2.876,      0.000,      0.000,   1.27533,	   0.92500,	   2.12967		, //old index 57
197	  ,  236 06 23 ,  119 35 54,      2.876,      0.000,      0.000,   1.27233,	   0.92800,	   1.69567		, //old index 58
198	  ,  236 06 23 ,  119 35 54,      2.876,      0.000,      0.000,   1.25333,	   0.94800,	   0.57467		, //old index 59
199	  ,  236 06 23 ,  119 35 54,      2.876,      0.000,      0.000,   1.25033,	   0.95200,	   0.11567		, //old index 60
200	  ,  236 06 23 ,  119 35 54,      2.876,      0.000,      0.000,   1.24633,	   0.84300,	  -0.78133		, //old index 61
201	  ,  236 06 23 ,  119 35 54,      2.876,      0.000,      0.000,   1.25133,	   0.83800,	  -1.08833		, //old index 62
202	  ,  236 06 23 ,  119 35 54,      2.876,      0.000,      0.000,   1.15433,	   0.75300,	  -0.99033		, //old index 63
203	  ,  236 06 23 ,  119 35 54,      2.876,      0.000,      0.000,   1.13733,	   0.77800,	   0.02267		, //old index 64
204	  ,  236 06 23 ,  119 35 54,      2.876,      0.000,      0.000,   1.12933,	   0.78900,	   0.56967		, //old index 65
205	  ,  236 06 23 ,  119 35 54,      2.876,      0.000,      0.000,   1.17133,	   0.80900,	   1.66967		, //old index 66
206	  ,  236 06 23 ,  119 35 54,      2.876,      0.000,      0.000,   1.16633,	   0.81500,	   2.24967		, //old index 67
207	  ,  236 06 23 ,  119 35 54,      2.876,      0.000,      0.000,   0.75233,	   0.78100,	   2.22267		, //old index 68
208	  ,  236 06 23 ,  119 35 54,      2.876,      0.000,      0.000,   0.75233,	   0.78100,	   1.58767		, //old index 69
209	  ,  236 06 23 ,  119 35 54,      2.876,      0.000,      0.000,   0.75833,	   0.76300,	   0.60267		, //old index 70
210	  ,  236 06 23 ,  119 35 54,      2.876,      0.000,      0.000,   0.76233,	   0.75300,	   0.03367		, //old index 71
211	  ,  236 06 23 ,  119 35 54,      2.876,      0.000,      0.000,   0.77033,	   0.73000,	  -0.86033		, //old index 72
212	  ,  236 06 23 ,  119 35 54,      2.876,      0.000,      0.000,   0.46033,	   0.70600,	  -1.05933		, //old index 73
213	  ,  236 06 23 ,  119 35 54,      2.876,      0.000,      0.000,   0.45733,	   0.73400,	   0.10267		, //old index 74
214	  ,  236 06 23 ,  119 35 54,      2.876,      0.000,      0.000,   0.45633,	   0.74200,	   0.58867		, //old index 75
215	  ,  236 06 23 ,  119 35 54,      2.876,      0.000,      0.000,   0.52933,	   0.76700,	   1.25867		, //old index 76
216	  ,  236 06 23 ,  119 35 54,      2.876,      0.000,      0.000,   0.52933,	   0.76700,	   1.68167		, //old index 77
217	  ,  236 06 23 ,  119 35 54,      2.876,      0.000,      0.000,   0.52833,	   0.76800,	   2.30667		, //old index 78
218	  ,  236 06 23 ,  119 35 54,      2.876,      0.000,      0.000,  -0.02767,	   0.64500,	   2.23167		, //old index 79
219	  ,  236 06 23 ,  119 35 54,      2.876,      0.000,      0.000,  -0.00467,	   0.73000,	   1.51367		, //old index 80
220	  ,  236 06 23 ,  119 35 54,      2.876,      0.000,      0.000,  -0.00967,	   0.71200,	   0.54367		, //old index 81
221	  ,  236 06 23 ,  119 35 54,      2.876,      0.000,      0.000,  -0.01367,	   0.69900,	  -0.08833		, //old index 82
222	  ,  236 06 23 ,  119 35 54,      2.876,      0.000,      0.000,  -0.02067,	   0.67700,	  -0.93933		, //old index 83
223	  ,  236 06 23 ,  119 35 54,      2.876,      0.000,      0.000,  -0.35867,	   0.66800,	  -0.63033		, //old index 84
224	  ,  236 06 23 ,  119 35 54,      2.876,      0.000,      0.000,  -0.34667,	   0.68300,	  -0.03633		, //old index 85
225	  ,  236 06 23 ,  119 35 54,      2.876,      0.000,      0.000,  -0.33867,	   0.69800,	   0.57267		, //old index 86
226	  ,  236 06 23 ,  119 35 54,      2.876,      0.000,      0.000,  -0.33067,	   0.71300,	   1.51167		, //old index 87
227	  ,  236 06 23 ,  119 35 54,      2.876,      0.000,      0.000,  -0.33067,	   0.71200,	   2.00867		, //old index 88
228	  ,  236 06 23 ,  119 35 54,      2.876,      0.000,      0.000,  -0.33167,	   0.71100,	   2.32467		, //old index 89
229	  ,  236 06 23 ,  119 35 54,      2.876,      0.000,      0.000,  -0.98367,	   0.67400,	   2.27467		, //old index 90
230	  ,  236 06 23 ,  119 35 54,      2.876,      0.000,      0.000,  -0.97967,	   0.67800,	   1.79167		, //old index 91
231	  ,  236 06 23 ,  119 35 54,      2.876,      0.000,      0.000,  -0.97767,	   0.67900,	   1.61167		, //old index 92
232	  ,  236 06 23 ,  119 35 54,      2.876,      0.000,      0.000,  -0.75567,	   0.69200,	   1.84367		, //old index 93
233	  ,  236 06 23 ,  119 35 54,      2.876,      0.000,      0.000,  -0.89267,	   0.68100,	   0.75967		, //old index 94
234	  ,  236 06 23 ,  119 35 54,      2.876,      0.000,      0.000,  -0.74667,	   0.66800,	   0.20267		, //old index 95
235	  ,  236 06 23 ,  119 35 54,      2.876,      0.000,      0.000,  -0.49267,	   0.66700,	  -0.34033		, //old index 96
236	  ,  236 06 23 ,  119 35 54,      2.876,      0.000,      0.000,  -0.33467,	   0.66900,	  -0.65333		, //old index 97
237	  ,  236 06 23 ,  119 35 54,      2.876,      0.000,      0.000,  -0.62567,	   0.67900,	   0.37067		, //old index 98
238	  ,  236 06 23 ,  119 35 54,      2.876,      0.000,      0.000,   1.14233,	   0.93200,	   2.41667		, //old index 99
239	  ,  236 06 23 ,  119 35 54,      2.876,      0.000,      0.000,   0.72133,	   1.19300,	   2.41467		, //old index 100
240	  ,  236 06 23 ,  119 35 54,      2.876,      0.000,      0.000,   0.53933,	   1.20000,	   2.41567		, //old index 101
241	  ,  236 06 23 ,  119 35 54,      2.876,      0.000,      0.000,   0.20233,	   0.87500,	   2.41667		, //old index 102
242	  ,  236 06 23 ,  119 35 54,      2.876,      0.000,      0.000,  -0.00667,	   1.18600,	   2.42267		, //old index 103
243	  ,  236 06 23 ,  119 35 54,      2.876,      0.000,      0.000,  -0.42167,	   0.87800,	   2.42767		, //old index 104
244	  ,  236 06 23 ,  119 35 54,      2.876,      0.000,      0.000,  -0.67367,	   1.08900,	   2.42367		, //old index 105
245	  ,  236 06 23 ,  119 35 54,      2.876,      0.000,      0.000,  -1.03667,	   0.74300,	   2.42967		, //old index 106
246	  ,  236 06 23 ,  119 35 54,      2.876,      0.000,      0.000,  -1.00067,	   1.74100,	   2.43267		, //old index 107
247	  ,  236 06 23 ,  119 35 54,      2.876,      0.000,      0.000,  -0.64467,	   1.39900,	   2.43267		, //old index 108
248	  ,  236 06 23 ,  119 35 54,      2.876,      0.000,      0.000,  -0.03767,	   1.41100,	   2.42267		, //old index 109
249	  ,  236 06 23 ,  119 35 54,      2.876,      0.000,      0.000,   0.10733,	   1.78300,	   2.41467		, //old index 110
250	  ,  236 06 23 ,  119 35 54,      2.876,      0.000,      0.000,   0.51033,	   1.79100,	   2.41267		, //old index 111
251	  ,  236 06 23 ,  119 35 54,      2.876,      0.000,      0.000,   0.64133,	   1.43900,	   2.41567		, //old index 112
252	  ,  236 06 23 ,  119 35 54,      2.876,      0.000,      0.000,   1.09333,	   1.52400,	   2.41167		, //old index 113
253	  ,  236 06 23 ,  119 35 54,      2.876,      0.000,      0.000,   1.10533,	   1.81800,	   2.40767		, //old index 114
254	  ,  236 06 23 ,  119 35 54,      2.876,      0.000,      0.000,   1.09333,	   2.14700,	   2.40467		, //old index 115
255	  ,  236 06 23 ,  119 35 54,      2.876,      0.000,      0.000,   0.56633,	   2.07300,	   2.40767		, //old index 116
256	  ,  236 06 23 ,  119 35 54,      2.876,      0.000,      0.000,   0.64933,	   2.44800,	   2.40967		, //old index 117
257	  ,  236 06 23 ,  119 35 54,      2.876,      0.000,      0.000,   0.55633,	   2.97200,	   2.40867		, //old index 118
258	  ,  236 06 23 ,  119 35 54,      2.876,      0.000,      0.000,  -0.62267,	   2.90800,	   2.42267		, //old index 119
259	  ,  236 06 23 ,  119 35 54,      2.876,      0.000,      0.000,  -0.70367,	   2.23400,	   2.42267		, //old index 120
260	  ,  236 06 23 ,  119 35 54,      2.876,      0.000,      0.000,  -0.63467,	   1.75500,	   2.42767		, //old index 121
261	  ,  236 06 23 ,  119 35 54,      2.876,      0.000,      0.000,  -0.11467,	   2.28300,	   2.41667		, //old index 122
262	  ,  236 06 23 ,  119 35 54,      2.876,      0.000,      0.000,   0.92033,	   3.62900,	   2.41267		, //old index 123
263	  ,  236 06 23 ,  119 35 54,      2.876,      0.000,      0.000,   0.14533,	   3.62700,	   2.41967		, //old index 124
264	  ,  236 06 23 ,  119 35 54,      2.876,      0.000,      0.000,  -0.47267,	   3.53700,	   2.42567		, //old index 125
265	  ,  236 06 23 ,  119 35 54,      2.876,      0.000,      0.000,  -0.98167,	   3.45000,	   2.42867		, //old index 126
266	  ,  236 06 23 ,  119 35 54,      2.876,      0.000,      0.000,  -0.35267,	   3.37200,	  -1.18633		, //old index 127
267	  ,  236 06 23 ,  119 35 54,      2.876,      0.000,      0.000,   0.21633,	   3.42200,	  -1.18433		, //old index 128
268	  ,  236 06 23 ,  119 35 54,      2.876,      0.000,      0.000,   0.74933,	   3.49700,	  -1.18433		, //old index 129
269	  ,  236 06 23 ,  119 35 54,      2.876,      0.000,      0.000,   0.94133,	   2.73300,	  -1.18333		, //old index 130
270	  ,  236 06 23 ,  119 35 54,      2.876,      0.000,      0.000,   0.31833,	   2.65800,	  -1.18433		, //old index 131
271	  ,  236 06 23 ,  119 35 54,      2.876,      0.000,      0.000,  -0.34167,	   2.73600,	  -1.18133		, //old index 132
272	  ,  236 06 23 ,  119 35 54,      2.876,      0.000,      0.000,   1.09533,	   1.79800,	  -1.18433		, //old index 133
273	  ,  236 06 23 ,  119 35 54,      2.876,      0.000,      0.000,   1.12733,	   1.18100,	  -1.18633		, //old index 134
274	  ,  236 06 23 ,  119 35 54,      2.876,      0.000,      0.000,   1.14833,	   0.83300,	  -1.18833		, //old index 135
275	  ,  236 06 23 ,  119 35 54,      2.876,      0.000,      0.000,   0.46733,	   0.98000,	  -1.18533		, //old index 136
276	  ,  236 06 23 ,  119 35 54,      2.876,      0.000,      0.000,  -0.03167,	   0.71700,	  -1.17233		, //old index 137
277	  ,  236 06 23 ,  119 35 54,      2.876,      0.000,      0.000,   0.51933,	   0.70400,	  -1.18333		, //old index 138
278	  ,  236 06 23 ,  119 35 54,      2.876,      0.000,      0.000,   0.85133,	   0.72900,	  -1.18733		, //old index 139
279	  ,  236 06 23 ,  119 35 54,      2.876,      0.000,      0.000,   0.73933,	   0.99400,	  -1.18733		, //old index 140
280	  ,  236 06 23 ,  119 35 54,      2.876,      0.000,      0.000,  -0.20267,	   0.79700,	  -1.00733		, //old index 141
281	  ,  236 06 23 ,  119 35 54,      2.876,      0.000,      0.000,  -0.47667,	   0.73200,	  -0.61133		, //old index 142
282	  ,  236 06 23 ,  119 35 54,      2.876,      0.000,      0.000,  -0.64467,	   0.72300,	  -0.30233		, //old index 143
283	  ,  236 06 23 ,  119 35 54,      2.876,      0.000,      0.000,  -0.79367,	   1.35200,	  -0.31133		, //old index 144
284	  ,  236 06 23 ,  119 35 54,      2.876,      0.000,      0.000,  -0.56867,	   1.36600,	  -0.75533		, //old index 145
285	  ,  236 06 23 ,  119 35 54,      2.876,      0.000,      0.000,  -0.37367,	   1.44000,	  -1.05733		, //old index 146
286	  ,  236 06 23 ,  119 35 54,      2.876,      0.000,      0.000,  -0.87867,	   1.74300,	  -0.33733		, //old index 147
287	  ,  236 06 23 ,  119 35 54,      2.876,      0.000,      0.000,  -0.66567,	   1.78100,	  -0.80533		, //old index 148
288	  ,  236 06 23 ,  119 35 54,      2.876,      0.000,      0.000,  -0.44867,	   1.73400,	  -1.08733		, //old index 149
289	  ,  236 06 23 ,  119 35 54,      2.876,      0.000,      0.000,  -0.95467,	   2.00300,	  -0.27833		, //old index 150
290	  ,  236 06 23 ,  119 35 54,      2.876,      0.000,      0.000,  -0.82067,	   1.99800,	  -0.62033		, //old index 151
291	  ,  236 06 23 ,  119 35 54,      2.876,      0.000,      0.000,  -0.59067,	   2.01200,	  -1.00433		, //old index 152
292	  ,  236 06 23 ,  119 35 54,      2.876,      0.000,      0.000,  -1.06867,	   2.62500,	  -0.30633		, //old index 153
293	  ,  236 06 23 ,  119 35 54,      2.876,      0.000,      0.000,  -0.94767,	   2.63100,	  -0.63433		, //old index 154
294	  ,  236 06 23 ,  119 35 54,      2.876,      0.000,      0.000,  -0.71067,	   2.72400,	  -1.08933		, //old index 155
295	  ,  236 06 23 ,  119 35 54,      2.876,      0.000,      0.000,  -1.24067,	   3.30600,	  -0.09533		, //old index 156
296	  ,  236 06 23 ,  119 35 54,      2.876,      0.000,      0.000,  -1.15367,	   3.34300,	  -0.48833		, //old index 157
297	  ,  236 06 23 ,  119 35 54,      2.876,      0.000,      0.000,  -0.95467,	   3.50400,	  -1.00133		, //old index 158
298	  ,  236 06 23 ,  119 35 54,      2.876,      0.000,      0.000,  -1.14467,	   3.55600,	  -0.63133		, //old index 159
299	  ,  236 06 23 ,  119 35 54,      2.876,      0.000,      0.000,  -1.22567,	   3.50600,	  -0.31933		, //old index 160
300	  ,  236 06 23 ,  119 35 54,      2.876,      0.000,      0.000,  -0.72867,	   0.73800,	  -0.10133		, //old index 161
301	  ,  236 06 23 ,  119 35 54,      2.876,      0.000,      0.000,  -0.83867,	   0.73600,	   0.25867		, //old index 162
302	  ,  236 06 23 ,  119 35 54,      2.876,      0.000,      0.000,  -0.92967,	   0.78700,	   0.59767		, //old index 163
303	  ,  236 06 23 ,  119 35 54,      2.876,      0.000,      0.000,  -1.04667,	   1.40200,	   0.62767		, //old index 164
304	  ,  236 06 23 ,  119 35 54,      2.876,      0.000,      0.000,  -0.88767,	   1.36700,	  -0.06433		, //old index 165
305	  ,  236 06 23 ,  119 35 54,      2.876,      0.000,      0.000,  -1.10767,	   1.79500,	   0.60067		, //old index 166
306	  ,  236 06 23 ,  119 35 54,      2.876,      0.000,      0.000,  -0.98967,	   1.77500,	  -0.01633		, //old index 167
307	  ,  236 06 23 ,  119 35 54,      2.876,      0.000,      0.000,  -1.01467,	   1.64000,	   0.21067		, //old index 168
308	  ,  236 06 23 ,  119 35 54,      2.876,      0.000,      0.000,  -1.12167,	   2.02000,	   0.45367		, //old index 169
309	  ,  236 06 23 ,  119 35 54,      2.876,      0.000,      0.000,  -1.18167,	   2.37400,	   0.48467		, //old index 170
310	  ,  236 06 23 ,  119 35 54,      2.876,      0.000,      0.000,  -1.22367,	   2.67400,	   0.50967		, //old index 171
311	  ,  236 06 23 ,  119 35 54,      2.876,      0.000,      0.000,  -1.25767,	   2.96500,	   0.48167		, //old index 172
312	  ,  236 06 23 ,  119 35 54,      2.876,      0.000,      0.000,  -1.31167,	   3.44600,	   0.48367		, //old index 173
313	  ,  236 06 23 ,  119 35 54,      2.876,      0.000,      0.000,  -1.28067,	   3.54100,	  -0.02933		, //old index 174
314	  ,  236 06 23 ,  119 35 54,      2.876,      0.000,      0.000,  -1.24667,	   3.28800,	  -0.04333		, //old index 175
315	  ,  236 06 23 ,  119 35 54,      2.876,      0.000,      0.000,  -1.19667,	   2.93700,	  -0.00633		, //old index 176
316	  ,  236 06 23 ,  119 35 54,      2.876,      0.000,      0.000,  -1.15067,	   2.64900,	   0.00267		, //old index 177
317	  ,  236 06 23 ,  119 35 54,      2.876,      0.000,      0.000,  -1.09867,	   2.35200,	   0.00967		, //old index 178
318	  ,  236 06 23 ,  119 35 54,      2.876,      0.000,      0.000,  -1.04767,	   2.05600,	   0.01467		, //old index 179
319	  ,  236 06 23 ,  119 35 54,      2.876,      0.000,      0.000,  -1.10567,	   0.75800,	   2.29667		, //old index 180
320	  ,  236 06 23 ,  119 35 54,      2.876,      0.000,      0.000,  -1.07067,	   0.74300,	   1.58567		, //old index 181
321	  ,  236 06 23 ,  119 35 54,      2.876,      0.000,      0.000,  -1.15967,	   1.36300,	   2.32467		, //old index 182
322	  ,  236 06 23 ,  119 35 54,      2.876,      0.000,      0.000,  -1.13667,	   1.37200,	   1.43567		, //old index 183
323	  ,  236 06 23 ,  119 35 54,      2.876,      0.000,      0.000,  -1.04767,	   1.37500,	   0.66067		, //old index 184
324	  ,  236 06 23 ,  119 35 54,      2.876,      0.000,      0.000,  -1.19267,	   1.76300,	   2.31467		, //old index 185
325	  ,  236 06 23 ,  119 35 54,      2.876,      0.000,      0.000,  -1.18667,	   1.76300,	   1.52667		, //old index 186
326	  ,  236 06 23 ,  119 35 54,      2.876,      0.000,      0.000,  -1.10967,	   1.77300,	   0.63967		, //old index 187
327	  ,  236 06 23 ,  119 35 54,      2.876,      0.000,      0.000,  -1.21367,	   2.01600,	   2.23967		, //old index 188
328	  ,  236 06 23 ,  119 35 54,      2.876,      0.000,      0.000,  -1.21267,	   2.01600,	   1.46167		, //old index 189
329	  ,  236 06 23 ,  119 35 54,      2.876,      0.000,      0.000,  -1.14367,	   2.01300,	   0.63967		, //old index 190
330	  ,  236 06 23 ,  119 35 54,      2.876,      0.000,      0.000,  -1.26567,	   2.66100,	   2.27167		, //old index 191
331	  ,  236 06 23 ,  119 35 54,      2.876,      0.000,      0.000,  -1.27367,	   2.64900,	   1.46967		, //old index 192
332	  ,  236 06 23 ,  119 35 54,      2.876,      0.000,      0.000,  -1.22667,	   2.62900,	   0.59467		, //old index 193
333	  ,  236 06 23 ,  119 35 54,      2.876,      0.000,      0.000,  -1.31867,	   3.44900,	   0.59267		, //old index 194
334	  ,  236 06 23 ,  119 35 54,      2.876,      0.000,      0.000,  -1.33067,	   3.37300,	   1.46367		, //old index 195
335	  ,  236 06 23 ,  119 35 54,      2.876,      0.000,      0.000,  -1.31967,	   3.36400,	   2.23267		, //old index 196
336	  ,  236 06 23 ,  119 35 54,      2.876,      0.000,      0.000,   0.33233,	   3.70800,	   0.07367		, //old index 197
337	  ,  236 06 23 ,  119 35 54,      2.876,      0.000,      0.000,   0.33433,	   1.11300,	   4.39667		, //old index 198
338	  ,  236 06 23 ,  119 35 54,      2.876,      0.000,      0.000,   1.17833,	   1.34300,	   3.62067		, //old index 199
339	  ,  236 06 23 ,  119 35 54,      2.876,      0.000,      0.000,  -0.45067,	   0.80200,	   3.16367		, //old index 200
