Point ID     ,  Hz.(º ' "),  V.(º ' "),Slope Dist.(m),Refl.Ht.(m),Inst.Ht.(m),Easting(m),  Northing(m),  Height(m)
 7777            ,    0 00 03 ,   88 19 34,          0,      0.000,      1.400,            0,            0,          0
2	  ,  236 06 23 ,  119 35 54,      2.876,      0.000,      0.000,   0.32300,	  -2.19600,	   1.55400		, //old index 2
3	  ,  236 06 23 ,  119 35 54,      2.876,      0.000,      0.000,  -0.36500,	  -2.11900,	   1.54600		, //old index 3
4	  ,  236 06 23 ,  119 35 54,      2.876,      0.000,      0.000,  -0.81900,	  -2.05000,	   1.54300		, //old index 4
5	  ,  236 06 23 ,  119 35 54,      2.876,      0.000,      0.000,  -1.24300,	  -1.97600,	   1.52500		, //old index 5
6	  ,  236 06 23 ,  119 35 54,      2.876,      0.000,      0.000,  -1.28000,	  -2.60300,	   1.51400		, //old index 6
7	  ,  236 06 23 ,  119 35 54,      2.876,      0.000,      0.000,  -0.83300,	  -2.69900,	   1.52100		, //old index 7
8	  ,  236 06 23 ,  119 35 54,      2.876,      0.000,      0.000,   0.24800,	  -2.82000,	   1.53700		, //old index 8
9	  ,  236 06 23 ,  119 35 54,      2.876,      0.000,      0.000,  -0.42700,	  -3.32000,	   1.50700		, //old index 9
10	  ,  236 06 23 ,  119 35 54,      2.876,      0.000,      0.000,  -0.33400,	  -3.38900,	   1.50800		, //old index 10
11	  ,  236 06 23 ,  119 35 54,      2.876,      0.000,      0.000,  -1.30500,	  -1.59100,	   1.64400		, //old index 11
12	  ,  236 06 23 ,  119 35 54,      2.876,      0.000,      0.000,  -1.24900,	  -1.61100,	   2.06700		, //old index 12
13	  ,  236 06 23 ,  119 35 54,      2.876,      0.000,      0.000,  -0.59000,	  -1.68500,	   2.05700		, //old index 13
14	  ,  236 06 23 ,  119 35 54,      2.876,      0.000,      0.000,  -0.58600,	  -1.67300,	   1.64300		, //old index 14
15	  ,  236 06 23 ,  119 35 54,      2.876,      0.000,      0.000,   0.13400,	  -1.76200,	   2.06400		, //old index 15
16	  ,  236 06 23 ,  119 35 54,      2.876,      0.000,      0.000,   0.25000,	  -1.76800,	   1.68800		, //old index 16
17	  ,  236 06 23 ,  119 35 54,      2.876,      0.000,      0.000,   0.20600,	  -1.76500,	   1.87900		, //old index 17
18	  ,  236 06 23 ,  119 35 54,      2.876,      0.000,      0.000,  -0.51500,	  -1.68600,	   1.86500		, //old index 18
19	  ,  236 06 23 ,  119 35 54,      2.876,      0.000,      0.000,  -1.16000,	  -1.61200,	   1.82900		, //old index 19
20	  ,  236 06 23 ,  119 35 54,      2.876,      0.000,      0.000,  -1.10500,	  -1.53500,	   2.24300		, //old index 20
21	  ,  236 06 23 ,  119 35 54,      2.876,      0.000,      0.000,  -0.53700,	  -1.64400,	   2.24400		, //old index 21
22	  ,  236 06 23 ,  119 35 54,      2.876,      0.000,      0.000,  -1.48800,	  -0.82200,	   2.27800		, //old index 22
23	  ,  236 06 23 ,  119 35 54,      2.876,      0.000,      0.000,  -0.67200,	  -0.67000,	   2.29700		, //old index 23
24	  ,  236 06 23 ,  119 35 54,      2.876,      0.000,      0.000,  -0.70200,	  -0.98400,	   2.28600		, //old index 24
25	  ,  236 06 23 ,  119 35 54,      2.876,      0.000,      0.000,  -0.29800,	  -0.70100,	   2.29900		, //old index 25
26	  ,  236 06 23 ,  119 35 54,      2.876,      0.000,      0.000,  -0.32000,	  -1.01700,	   2.28900		, //old index 26
27	  ,  236 06 23 ,  119 35 54,      2.876,      0.000,      0.000,   0.43700,	  -0.81800,	   2.31500		, //old index 27
28	  ,  236 06 23 ,  119 35 54,      2.876,      0.000,      0.000,   0.54700,	  -1.10700,	   2.30600		, //old index 28
29	  ,  236 06 23 ,  119 35 54,      2.876,      0.000,      0.000,  -1.22800,	   0.04300,	   2.30700		, //old index 29
30	  ,  236 06 23 ,  119 35 54,      2.876,      0.000,      0.000,  -0.57400,	  -0.04500,	   2.29900		, //old index 30
31	  ,  236 06 23 ,  119 35 54,      2.876,      0.000,      0.000,  -0.31300,	  -0.36900,	   2.30000		, //old index 31
32	  ,  236 06 23 ,  119 35 54,      2.876,      0.000,      0.000,   0.62700,	  -0.19100,	   2.31000		, //old index 32
33	  ,  236 06 23 ,  119 35 54,      2.876,      0.000,      0.000,   0.76700,	   0.49900,	   2.35500		, //old index 33
34	  ,  236 06 23 ,  119 35 54,      2.876,      0.000,      0.000,  -0.15800,	   0.57800,	   2.33300		, //old index 34
35	  ,  236 06 23 ,  119 35 54,      2.876,      0.000,      0.000,  -0.24900,	   0.26800,	   2.31500		, //old index 35
36	  ,  236 06 23 ,  119 35 54,      2.876,      0.000,      0.000,  -1.07400,	   0.35600,	   2.31400		, //old index 36
37	  ,  236 06 23 ,  119 35 54,      2.876,      0.000,      0.000,  -1.48600,	   0.59500,	   2.31400		, //old index 37
38	  ,  236 06 23 ,  119 35 54,      2.876,      0.000,      0.000,  -1.38100,	   0.83000,	   2.10600		, //old index 38
39	  ,  236 06 23 ,  119 35 54,      2.876,      0.000,      0.000,  -1.49300,	   0.89700,	   1.59400		, //old index 39
40	  ,  236 06 23 ,  119 35 54,      2.876,      0.000,      0.000,  -1.25300,	   0.86200,	   0.62400		, //old index 40
41	  ,  236 06 23 ,  119 35 54,      2.876,      0.000,      0.000,  -1.00800,	   0.82400,	   0.03600		, //old index 41
42	  ,  236 06 23 ,  119 35 54,      2.876,      0.000,      0.000,  -0.72700,	   0.79800,	  -0.63500		, //old index 42
43	  ,  236 06 23 ,  119 35 54,      2.876,      0.000,      0.000,  -0.23500,	   0.75600,	  -1.11800		, //old index 43
44	  ,  236 06 23 ,  119 35 54,      2.876,      0.000,      0.000,   0.85800,	   0.60400,	  -1.05800		, //old index 44
45	  ,  236 06 23 ,  119 35 54,      2.876,      0.000,      0.000,   0.84300,	   0.59800,	  -0.03800		, //old index 45
46	  ,  236 06 23 ,  119 35 54,      2.876,      0.000,      0.000,   0.83200,	   0.59100,	   0.55200		, //old index 46
47	  ,  236 06 23 ,  119 35 54,      2.876,      0.000,      0.000,   0.79000,	   0.56000,	   2.19200		, //old index 47
48	  ,  236 06 23 ,  119 35 54,      2.876,      0.000,      0.000,  -0.14400,	   0.66900,	   2.17600		, //old index 48
49	  ,  236 06 23 ,  119 35 54,      2.876,      0.000,      0.000,  -0.15100,	   0.70100,	   0.90000		, //old index 49
50	  ,  236 06 23 ,  119 35 54,      2.876,      0.000,      0.000,  -0.44900,	   0.75200,	  -0.08000		, //old index 50
51	  ,  236 06 23 ,  119 35 54,      2.876,      0.000,      0.000,   0.32900,	   0.66500,	  -0.88700		, //old index 51
52	  ,  236 06 23 ,  119 35 54,      2.876,      0.000,      0.000,   0.91200,	   0.52200,	  -0.87100		, //old index 52
53	  ,  236 06 23 ,  119 35 54,      2.876,      0.000,      0.000,   0.89700,	   0.51400,	  -0.23400		, //old index 53
54	  ,  236 06 23 ,  119 35 54,      2.876,      0.000,      0.000,   0.87700,	   0.50200,	   0.43600		, //old index 54
55	  ,  236 06 23 ,  119 35 54,      2.876,      0.000,      0.000,   0.79300,	  -0.27100,	   0.46000		, //old index 55
56	  ,  236 06 23 ,  119 35 54,      2.876,      0.000,      0.000,   0.80800,	  -0.27600,	  -0.21100		, //old index 56
57	  ,  236 06 23 ,  119 35 54,      2.876,      0.000,      0.000,   0.82500,	  -0.28200,	  -0.86300		, //old index 57
58	  ,  236 06 23 ,  119 35 54,      2.876,      0.000,      0.000,   0.73400,	  -1.06200,	  -1.05600		, //old index 58
59	  ,  236 06 23 ,  119 35 54,      2.876,      0.000,      0.000,   0.72200,	  -1.04500,	  -0.37900		, //old index 59
60	  ,  236 06 23 ,  119 35 54,      2.876,      0.000,      0.000,   0.70500,	  -1.02100,	   0.36600		, //old index 60
61	  ,  236 06 23 ,  119 35 54,      2.876,      0.000,      0.000,   0.66500,	  -1.13400,	   1.63200		, //old index 61
62	  ,  236 06 23 ,  119 35 54,      2.876,      0.000,      0.000,   0.75100,	  -0.33600,	   1.95200		, //old index 62
63	  ,  236 06 23 ,  119 35 54,      2.876,      0.000,      0.000,   0.75500,	  -0.33800,	   1.69300		, //old index 63
64	  ,  236 06 23 ,  119 35 54,      2.876,      0.000,      0.000,   0.82100,	   0.27700,	   1.92700		, //old index 64
65	  ,  236 06 23 ,  119 35 54,      2.876,      0.000,      0.000,   0.52100,	  -2.84500,	  -0.88800		, //old index 65
66	  ,  236 06 23 ,  119 35 54,      2.876,      0.000,      0.000,   0.51600,	  -2.82200,	  -0.39200		, //old index 66
67	  ,  236 06 23 ,  119 35 54,      2.876,      0.000,      0.000,   0.51000,	  -2.78800,	   0.03700		, //old index 67
68	  ,  236 06 23 ,  119 35 54,      2.876,      0.000,      0.000,   0.49900,	  -2.82700,	   0.36700		, //old index 68
69	  ,  236 06 23 ,  119 35 54,      2.876,      0.000,      0.000,  -0.39400,	  -3.46800,	   1.40000		, //old index 69
70	  ,  236 06 23 ,  119 35 54,      2.876,      0.000,      0.000,  -0.39200,	  -3.45500,	   0.90400		, //old index 70
71	  ,  236 06 23 ,  119 35 54,      2.876,      0.000,      0.000,  -0.28000,	  -3.45700,	   0.23800		, //old index 71
72	  ,  236 06 23 ,  119 35 54,      2.876,      0.000,      0.000,  -0.71500,	  -3.42600,	   1.02000		, //old index 72
73	  ,  236 06 23 ,  119 35 54,      2.876,      0.000,      0.000,  -0.61300,	  -3.44300,	   1.32400		, //old index 73
74	  ,  236 06 23 ,  119 35 54,      2.876,      0.000,      0.000,  -0.62600,	  -3.43100,	   0.81300		, //old index 74
75	  ,  236 06 23 ,  119 35 54,      2.876,      0.000,      0.000,  -0.36000,	  -3.45000,	   0.37700		, //old index 75
76	  ,  236 06 23 ,  119 35 54,      2.876,      0.000,      0.000,  -0.30300,	  -3.46300,	   0.81100		, //old index 76
77	  ,  236 06 23 ,  119 35 54,      2.876,      0.000,      0.000,   0.83300,	   0.48000,	  -1.23300		, //old index 77
78	  ,  236 06 23 ,  119 35 54,      2.876,      0.000,      0.000,  -0.32900,	   0.74300,	  -1.24200		, //old index 78
79	  ,  236 06 23 ,  119 35 54,      2.876,      0.000,      0.000,   0.25100,	   0.67500,	  -1.23500		, //old index 79
80	  ,  236 06 23 ,  119 35 54,      2.876,      0.000,      0.000,  -0.02100,	  -0.94800,	  -1.25000		, //old index 80
81	  ,  236 06 23 ,  119 35 54,      2.876,      0.000,      0.000,   0.21700,	  -1.11500,	  -1.23700		, //old index 81
82	  ,  236 06 23 ,  119 35 54,      2.876,      0.000,      0.000,   0.72400,	  -1.16900,	  -1.24100		, //old index 82
83	  ,  236 06 23 ,  119 35 54,      2.876,      0.000,      0.000,   0.77300,	  -0.78900,	  -1.23200		, //old index 83
84	  ,  236 06 23 ,  119 35 54,      2.876,      0.000,      0.000,   0.83300,	  -0.30000,	  -1.23200		, //old index 84
85	  ,  236 06 23 ,  119 35 54,      2.876,      0.000,      0.000,   0.88500,	   0.19900,	  -1.21400		, //old index 85
86	  ,  236 06 23 ,  119 35 54,      2.876,      0.000,      0.000,  -0.33500,	  -2.78600,	  -0.48200		, //old index 86
87	  ,  236 06 23 ,  119 35 54,      2.876,      0.000,      0.000,  -0.44100,	  -2.21700,	  -0.49500		, //old index 87
88	  ,  236 06 23 ,  119 35 54,      2.876,      0.000,      0.000,  -0.46600,	  -2.07300,	  -0.49900		, //old index 88
89	  ,  236 06 23 ,  119 35 54,      2.876,      0.000,      0.000,  -0.25400,	  -2.08400,	  -0.73800		, //old index 89
90	  ,  236 06 23 ,  119 35 54,      2.876,      0.000,      0.000,  -0.15800,	  -2.07900,	  -0.84200		, //old index 90
91	  ,  236 06 23 ,  119 35 54,      2.876,      0.000,      0.000,  -0.63800,	  -2.73400,	  -0.10100		, //old index 91
92	  ,  236 06 23 ,  119 35 54,      2.876,      0.000,      0.000,  -0.80700,	  -2.74300,	   0.17100		, //old index 92
93	  ,  236 06 23 ,  119 35 54,      2.876,      0.000,      0.000,  -1.01100,	  -2.72100,	   0.51400		, //old index 93
94	  ,  236 06 23 ,  119 35 54,      2.876,      0.000,      0.000,  -1.02800,	  -2.55400,	   0.51000		, //old index 94
95	  ,  236 06 23 ,  119 35 54,      2.876,      0.000,      0.000,  -0.85200,	  -2.53000,	   0.19800		, //old index 95
96	  ,  236 06 23 ,  119 35 54,      2.876,      0.000,      0.000,  -0.72100,	  -2.52900,	  -0.02500		, //old index 96
97	  ,  236 06 23 ,  119 35 54,      2.876,      0.000,      0.000,  -1.11100,	  -2.08400,	   0.53900		, //old index 97
98	  ,  236 06 23 ,  119 35 54,      2.876,      0.000,      0.000,  -0.97500,	  -2.06200,	   0.27400		, //old index 98
99	  ,  236 06 23 ,  119 35 54,      2.876,      0.000,      0.000,  -0.83600,	  -2.10500,	   0.03300		, //old index 99
100	  ,  236 06 23 ,  119 35 54,      2.876,      0.000,      0.000,  -1.46800,	  -2.13500,	   1.40000		, //old index 100
101	  ,  236 06 23 ,  119 35 54,      2.876,      0.000,      0.000,  -1.41500,	  -2.47200,	   1.33600		, //old index 101
102	  ,  236 06 23 ,  119 35 54,      2.876,      0.000,      0.000,  -1.43100,	  -1.97900,	   1.26700		, //old index 102
103	  ,  236 06 23 ,  119 35 54,      2.876,      0.000,      0.000,  -1.15600,	  -2.14000,	   0.64100		, //old index 103
104	  ,  236 06 23 ,  119 35 54,      2.876,      0.000,      0.000,  -1.03700,	  -2.70700,	   0.56000		, //old index 104
105	  ,  236 06 23 ,  119 35 54,      2.876,      0.000,      0.000,  -1.04800,	  -2.54400,	   0.54300		, //old index 105
106	  ,  236 06 23 ,  119 35 54,      2.876,      0.000,      0.000,  -1.08900,	  -2.10600,	   0.50000		, //old index 106
107	  ,  236 06 23 ,  119 35 54,      2.876,      0.000,      0.000,  -0.15200,	  -0.93500,	  -1.12100		, //old index 107
108	  ,  236 06 23 ,  119 35 54,      2.876,      0.000,      0.000,  -0.42100,	  -0.93700,	  -0.84500		, //old index 108
109	  ,  236 06 23 ,  119 35 54,      2.876,      0.000,      0.000,  -0.67400,	  -0.98400,	  -0.51700		, //old index 109
110	  ,  236 06 23 ,  119 35 54,      2.876,      0.000,      0.000,  -0.77500,	  -0.28100,	  -0.50300		, //old index 110
111	  ,  236 06 23 ,  119 35 54,      2.876,      0.000,      0.000,  -0.52500,	  -0.32600,	  -0.81700		, //old index 111
112	  ,  236 06 23 ,  119 35 54,      2.876,      0.000,      0.000,  -0.87600,	   0.68500,	  -0.53700		, //old index 112
113	  ,  236 06 23 ,  119 35 54,      2.876,      0.000,      0.000,  -0.66100,	   0.67900,	  -0.85500		, //old index 113
114	  ,  236 06 23 ,  119 35 54,      2.876,      0.000,      0.000,  -0.45400,	   0.64200,	  -1.09800		, //old index 114
115	  ,  236 06 23 ,  119 35 54,      2.876,      0.000,      0.000,  -0.83600,	  -0.90300,	  -0.29000		, //old index 115
116	  ,  236 06 23 ,  119 35 54,      2.876,      0.000,      0.000,  -1.04900,	  -0.87200,	   0.09000		, //old index 116
117	  ,  236 06 23 ,  119 35 54,      2.876,      0.000,      0.000,  -1.23800,	  -0.92100,	   0.51500		, //old index 117
118	  ,  236 06 23 ,  119 35 54,      2.876,      0.000,      0.000,  -1.25700,	  -0.52200,	   0.51400		, //old index 118
119	  ,  236 06 23 ,  119 35 54,      2.876,      0.000,      0.000,  -1.05300,	  -0.51900,	   0.02500		, //old index 119
120	  ,  236 06 23 ,  119 35 54,      2.876,      0.000,      0.000,  -0.88500,	  -0.52300,	  -0.27200		, //old index 120
121	  ,  236 06 23 ,  119 35 54,      2.876,      0.000,      0.000,  -1.27300,	  -0.15300,	   0.50800		, //old index 121
122	  ,  236 06 23 ,  119 35 54,      2.876,      0.000,      0.000,  -1.06800,	  -0.12800,	  -0.03200		, //old index 122
123	  ,  236 06 23 ,  119 35 54,      2.876,      0.000,      0.000,  -0.89300,	  -0.16100,	  -0.34700		, //old index 123
124	  ,  236 06 23 ,  119 35 54,      2.876,      0.000,      0.000,  -1.28900,	   0.80600,	   0.52700		, //old index 124
125	  ,  236 06 23 ,  119 35 54,      2.876,      0.000,      0.000,  -1.11900,	   0.75400,	  -0.02500		, //old index 125
126	  ,  236 06 23 ,  119 35 54,      2.876,      0.000,      0.000,  -0.98200,	   0.70500,	  -0.34100		, //old index 126
127	  ,  236 06 23 ,  119 35 54,      2.876,      0.000,      0.000,  -1.63100,	  -0.87600,	   2.08400		, //old index 127
128	  ,  236 06 23 ,  119 35 54,      2.876,      0.000,      0.000,  -1.50800,	  -0.88800,	   1.39200		, //old index 128
129	  ,  236 06 23 ,  119 35 54,      2.876,      0.000,      0.000,  -1.28400,	  -0.88100,	   0.63600		, //old index 129
130	  ,  236 06 23 ,  119 35 54,      2.876,      0.000,      0.000,  -1.59200,	  -0.10400,	   2.19300		, //old index 130
131	  ,  236 06 23 ,  119 35 54,      2.876,      0.000,      0.000,  -1.51400,	  -0.09900,	   1.58100		, //old index 131
132	  ,  236 06 23 ,  119 35 54,      2.876,      0.000,      0.000,  -1.48200,	  -0.09700,	   1.38800		, //old index 132
133	  ,  236 06 23 ,  119 35 54,      2.876,      0.000,      0.000,  -1.32200,	  -0.12600,	   0.64400		, //old index 133
134	  ,  236 06 23 ,  119 35 54,      2.876,      0.000,      0.000,  -1.52600,	   0.71200,	   2.11200		, //old index 134
135	  ,  236 06 23 ,  119 35 54,      2.876,      0.000,      0.000,  -1.46600,	   0.68400,	   1.44900		, //old index 135
136	  ,  236 06 23 ,  119 35 54,      2.876,      0.000,      0.000,  -1.32800,	   0.84100,	   0.69300		, //old index 136
137	  ,  236 06 23 ,  119 35 54,      2.876,      0.000,      0.000,   0.08800,	   1.18500,	  -1.22900		, //old index 137
138	  ,  236 06 23 ,  119 35 54,      2.876,      0.000,      0.000,  -0.47300,	   2.62500,	  -0.87900		, //old index 138
139	  ,  236 06 23 ,  119 35 54,      2.876,      0.000,      0.000,   0.25900,	   3.68700,	  -0.91900		, //old index 139
140	  ,  236 06 23 ,  119 35 54,      2.876,      0.000,      0.000,   0.85800,	   1.26400,	  -0.52100		, //old index 140
141	  ,  236 06 23 ,  119 35 54,      2.876,      0.000,      0.000,   0.34300,	   3.83700,	   0.05400		, //old index 2
142	  ,  236 06 23 ,  119 35 54,      2.876,      0.000,      0.000,   0.30000,	   1.25900,	  -1.20700		, //old index 3
143	  ,  236 06 23 ,  119 35 54,      2.876,      0.000,      0.000,  -0.47300,	   2.62500,	  -0.87900		, //old index 4
144	  ,  236 06 23 ,  119 35 54,      2.876,      0.000,      0.000,   0.05000,	   3.79800,	  -0.97700		, //old index 5
145	  ,  236 06 23 ,  119 35 54,      2.876,      0.000,      0.000,   1.09600,	   1.54000,	  -0.52500		, //old index 6
146	  ,  236 06 23 ,  119 35 54,      2.876,      0.000,      0.000,   0.84900,	   3.84700,	  -1.05500		, //old index 7
147	  ,  236 06 23 ,  119 35 54,      2.876,      0.000,      0.000,   0.85200,	   3.85700,	  -0.27900		, //old index 8
148	  ,  236 06 23 ,  119 35 54,      2.876,      0.000,      0.000,   0.85300,	   3.86100,	   0.19500		, //old index 9
149	  ,  236 06 23 ,  119 35 54,      2.876,      0.000,      0.000,   0.85500,	   3.86700,	   0.58800		, //old index 10
150	  ,  236 06 23 ,  119 35 54,      2.876,      0.000,      0.000,   0.85700,	   3.87600,	   1.27400		, //old index 11
151	  ,  236 06 23 ,  119 35 54,      2.876,      0.000,      0.000,   0.85900,	   3.88200,	   1.78900		, //old index 12
152	  ,  236 06 23 ,  119 35 54,      2.876,      0.000,      0.000,   0.86000,	   3.88500,	   2.19700		, //old index 13
153	  ,  236 06 23 ,  119 35 54,      2.876,      0.000,      0.000,   0.17200,	   3.86100,	   2.19300		, //old index 14
154	  ,  236 06 23 ,  119 35 54,      2.876,      0.000,      0.000,   0.17400,	   3.85000,	   1.54500		, //old index 15
155	  ,  236 06 23 ,  119 35 54,      2.876,      0.000,      0.000,   0.17400,	   3.84200,	   1.09200		, //old index 16
156	  ,  236 06 23 ,  119 35 54,      2.876,      0.000,      0.000,   0.17500,	   3.83700,	   0.59800		, //old index 17
157	  ,  236 06 23 ,  119 35 54,      2.876,      0.000,      0.000,   0.17600,	   3.82600,	  -0.08400		, //old index 18
158	  ,  236 06 23 ,  119 35 54,      2.876,      0.000,      0.000,   0.17700,	   3.81100,	  -0.82000		, //old index 19
159	  ,  236 06 23 ,  119 35 54,      2.876,      0.000,      0.000,   0.17700,	   3.80500,	  -1.08500		, //old index 20
160	  ,  236 06 23 ,  119 35 54,      2.876,      0.000,      0.000,  -0.60500,	   3.76800,	  -1.10800		, //old index 21
161	  ,  236 06 23 ,  119 35 54,      2.876,      0.000,      0.000,  -0.60800,	   3.77400,	  -0.65800		, //old index 22
162	  ,  236 06 23 ,  119 35 54,      2.876,      0.000,      0.000,  -0.61300,	   3.78300,	  -0.28100		, //old index 23
163	  ,  236 06 23 ,  119 35 54,      2.876,      0.000,      0.000,  -0.61800,	   3.79200,	   0.15800		, //old index 24
164	  ,  236 06 23 ,  119 35 54,      2.876,      0.000,      0.000,  -0.62100,	   3.79800,	   0.58500		, //old index 25
165	  ,  236 06 23 ,  119 35 54,      2.876,      0.000,      0.000,  -0.62400,	   3.80200,	   1.08900		, //old index 26
166	  ,  236 06 23 ,  119 35 54,      2.876,      0.000,      0.000,  -0.62800,	   3.80900,	   1.50000		, //old index 27
167	  ,  236 06 23 ,  119 35 54,      2.876,      0.000,      0.000,  -0.61300,	   3.78400,	   1.96900		, //old index 28
168	  ,  236 06 23 ,  119 35 54,      2.876,      0.000,      0.000,  -0.64700,	   3.80800,	   2.22100		, //old index 29
169	  ,  236 06 23 ,  119 35 54,      2.876,      0.000,      0.000,  -1.09800,	   3.77000,	   2.11700		, //old index 30
170	  ,  236 06 23 ,  119 35 54,      2.876,      0.000,      0.000,  -1.13200,	   3.81000,	   1.51000		, //old index 31
171	  ,  236 06 23 ,  119 35 54,      2.876,      0.000,      0.000,  -1.18200,	   3.77800,	   0.66300		, //old index 32
172	  ,  236 06 23 ,  119 35 54,      2.876,      0.000,      0.000,  -1.15900,	   3.75900,	   0.34600		, //old index 33
173	  ,  236 06 23 ,  119 35 54,      2.876,      0.000,      0.000,  -0.97000,	   3.76300,	  -0.21900		, //old index 34
174	  ,  236 06 23 ,  119 35 54,      2.876,      0.000,      0.000,  -1.01000,	   3.75100,	  -0.91800		, //old index 35
175	  ,  236 06 23 ,  119 35 54,      2.876,      0.000,      0.000,   1.04000,	   3.79100,	  -1.09300		, //old index 36
176	  ,  236 06 23 ,  119 35 54,      2.876,      0.000,      0.000,   1.03900,	   3.79000,	  -0.61700		, //old index 37
177	  ,  236 06 23 ,  119 35 54,      2.876,      0.000,      0.000,   1.04300,	   3.79900,	   0.00000		, //old index 38
178	  ,  236 06 23 ,  119 35 54,      2.876,      0.000,      0.000,   1.04600,	   3.80800,	   0.51300		, //old index 39
179	  ,  236 06 23 ,  119 35 54,      2.876,      0.000,      0.000,   1.05500,	   3.83000,	   1.55000		, //old index 40
180	  ,  236 06 23 ,  119 35 54,      2.876,      0.000,      0.000,   1.17700,	   3.79000,	   2.21100		, //old index 41
181	  ,  236 06 23 ,  119 35 54,      2.876,      0.000,      0.000,   1.20000,	   3.08800,	   2.11500		, //old index 42
182	  ,  236 06 23 ,  119 35 54,      2.876,      0.000,      0.000,   1.11400,	   2.98800,	   1.60800		, //old index 43
183	  ,  236 06 23 ,  119 35 54,      2.876,      0.000,      0.000,   1.11200,	   2.98600,	   0.65700		, //old index 44
184	  ,  236 06 23 ,  119 35 54,      2.876,      0.000,      0.000,   1.10500,	   2.97800,	  -0.15200		, //old index 45
185	  ,  236 06 23 ,  119 35 54,      2.876,      0.000,      0.000,   1.10300,	   2.97500,	  -0.82300		, //old index 46
186	  ,  236 06 23 ,  119 35 54,      2.876,      0.000,      0.000,   1.10300,	   2.97500,	  -1.05900		, //old index 47
187	  ,  236 06 23 ,  119 35 54,      2.876,      0.000,      0.000,   1.18700,	   2.28100,	   2.29800		, //old index 48
188	  ,  236 06 23 ,  119 35 54,      2.876,      0.000,      0.000,   1.17600,	   2.27900,	   1.52500		, //old index 49
189	  ,  236 06 23 ,  119 35 54,      2.876,      0.000,      0.000,   1.16600,	   2.27600,	   0.62000		, //old index 50
190	  ,  236 06 23 ,  119 35 54,      2.876,      0.000,      0.000,   1.15800,	   2.27400,	  -0.09500		, //old index 51
191	  ,  236 06 23 ,  119 35 54,      2.876,      0.000,      0.000,   1.17500,	   2.27600,	  -1.04100		, //old index 52
192	  ,  236 06 23 ,  119 35 54,      2.876,      0.000,      0.000,   1.26200,	   1.63900,	   0.53400		, //old index 53
193	  ,  236 06 23 ,  119 35 54,      2.876,      0.000,      0.000,   1.21100,	   1.66400,	   0.09300		, //old index 54
194	  ,  236 06 23 ,  119 35 54,      2.876,      0.000,      0.000,   1.20800,	   1.66500,	  -0.37400		, //old index 55
195	  ,  236 06 23 ,  119 35 54,      2.876,      0.000,      0.000,   1.20400,	   1.66700,	  -0.88800		, //old index 56
196	  ,  236 06 23 ,  119 35 54,      2.876,      0.000,      0.000,   1.28500,	   1.05400,	   2.10900		, //old index 57
197	  ,  236 06 23 ,  119 35 54,      2.876,      0.000,      0.000,   1.28200,	   1.05700,	   1.67500		, //old index 58
198	  ,  236 06 23 ,  119 35 54,      2.876,      0.000,      0.000,   1.26300,	   1.07700,	   0.55400		, //old index 59
199	  ,  236 06 23 ,  119 35 54,      2.876,      0.000,      0.000,   1.26000,	   1.08100,	   0.09500		, //old index 60
200	  ,  236 06 23 ,  119 35 54,      2.876,      0.000,      0.000,   1.25600,	   0.97200,	  -0.80200		, //old index 61
201	  ,  236 06 23 ,  119 35 54,      2.876,      0.000,      0.000,   1.26100,	   0.96700,	  -1.10900		, //old index 62
202	  ,  236 06 23 ,  119 35 54,      2.876,      0.000,      0.000,   1.16400,	   0.88200,	  -1.01100		, //old index 63
203	  ,  236 06 23 ,  119 35 54,      2.876,      0.000,      0.000,   1.14700,	   0.90700,	   0.00200		, //old index 64
204	  ,  236 06 23 ,  119 35 54,      2.876,      0.000,      0.000,   1.13900,	   0.91800,	   0.54900		, //old index 65
205	  ,  236 06 23 ,  119 35 54,      2.876,      0.000,      0.000,   1.18100,	   0.93800,	   1.64900		, //old index 66
206	  ,  236 06 23 ,  119 35 54,      2.876,      0.000,      0.000,   1.17600,	   0.94400,	   2.22900		, //old index 67
207	  ,  236 06 23 ,  119 35 54,      2.876,      0.000,      0.000,   0.76200,	   0.91000,	   2.20200		, //old index 68
208	  ,  236 06 23 ,  119 35 54,      2.876,      0.000,      0.000,   0.76200,	   0.91000,	   1.56700		, //old index 69
209	  ,  236 06 23 ,  119 35 54,      2.876,      0.000,      0.000,   0.76800,	   0.89200,	   0.58200		, //old index 70
210	  ,  236 06 23 ,  119 35 54,      2.876,      0.000,      0.000,   0.77200,	   0.88200,	   0.01300		, //old index 71
211	  ,  236 06 23 ,  119 35 54,      2.876,      0.000,      0.000,   0.78000,	   0.85900,	  -0.88100		, //old index 72
212	  ,  236 06 23 ,  119 35 54,      2.876,      0.000,      0.000,   0.47000,	   0.83500,	  -1.08000		, //old index 73
213	  ,  236 06 23 ,  119 35 54,      2.876,      0.000,      0.000,   0.46700,	   0.86300,	   0.08200		, //old index 74
214	  ,  236 06 23 ,  119 35 54,      2.876,      0.000,      0.000,   0.46600,	   0.87100,	   0.56800		, //old index 75
215	  ,  236 06 23 ,  119 35 54,      2.876,      0.000,      0.000,   0.53900,	   0.89600,	   1.23800		, //old index 76
216	  ,  236 06 23 ,  119 35 54,      2.876,      0.000,      0.000,   0.53900,	   0.89600,	   1.66100		, //old index 77
217	  ,  236 06 23 ,  119 35 54,      2.876,      0.000,      0.000,   0.53800,	   0.89700,	   2.28600		, //old index 78
218	  ,  236 06 23 ,  119 35 54,      2.876,      0.000,      0.000,  -0.01800,	   0.77400,	   2.21100		, //old index 79
219	  ,  236 06 23 ,  119 35 54,      2.876,      0.000,      0.000,   0.00500,	   0.85900,	   1.49300		, //old index 80
220	  ,  236 06 23 ,  119 35 54,      2.876,      0.000,      0.000,   0.00000,	   0.84100,	   0.52300		, //old index 81
221	  ,  236 06 23 ,  119 35 54,      2.876,      0.000,      0.000,  -0.00400,	   0.82800,	  -0.10900		, //old index 82
222	  ,  236 06 23 ,  119 35 54,      2.876,      0.000,      0.000,  -0.01100,	   0.80600,	  -0.96000		, //old index 83
223	  ,  236 06 23 ,  119 35 54,      2.876,      0.000,      0.000,  -0.34900,	   0.79700,	  -0.65100		, //old index 84
224	  ,  236 06 23 ,  119 35 54,      2.876,      0.000,      0.000,  -0.33700,	   0.81200,	  -0.05700		, //old index 85
225	  ,  236 06 23 ,  119 35 54,      2.876,      0.000,      0.000,  -0.32900,	   0.82700,	   0.55200		, //old index 86
226	  ,  236 06 23 ,  119 35 54,      2.876,      0.000,      0.000,  -0.32100,	   0.84200,	   1.49100		, //old index 87
227	  ,  236 06 23 ,  119 35 54,      2.876,      0.000,      0.000,  -0.32100,	   0.84100,	   1.98800		, //old index 88
228	  ,  236 06 23 ,  119 35 54,      2.876,      0.000,      0.000,  -0.32200,	   0.84000,	   2.30400		, //old index 89
229	  ,  236 06 23 ,  119 35 54,      2.876,      0.000,      0.000,  -0.97400,	   0.80300,	   2.25400		, //old index 90
230	  ,  236 06 23 ,  119 35 54,      2.876,      0.000,      0.000,  -0.97000,	   0.80700,	   1.77100		, //old index 91
231	  ,  236 06 23 ,  119 35 54,      2.876,      0.000,      0.000,  -0.96800,	   0.80800,	   1.59100		, //old index 92
232	  ,  236 06 23 ,  119 35 54,      2.876,      0.000,      0.000,  -0.74600,	   0.82100,	   1.82300		, //old index 93
233	  ,  236 06 23 ,  119 35 54,      2.876,      0.000,      0.000,  -0.88300,	   0.81000,	   0.73900		, //old index 94
234	  ,  236 06 23 ,  119 35 54,      2.876,      0.000,      0.000,  -0.73700,	   0.79700,	   0.18200		, //old index 95
235	  ,  236 06 23 ,  119 35 54,      2.876,      0.000,      0.000,  -0.48300,	   0.79600,	  -0.36100		, //old index 96
236	  ,  236 06 23 ,  119 35 54,      2.876,      0.000,      0.000,  -0.32500,	   0.79800,	  -0.67400		, //old index 97
237	  ,  236 06 23 ,  119 35 54,      2.876,      0.000,      0.000,  -0.61600,	   0.80800,	   0.35000		, //old index 98
238	  ,  236 06 23 ,  119 35 54,      2.876,      0.000,      0.000,   1.15200,	   1.06100,	   2.39600		, //old index 99
239	  ,  236 06 23 ,  119 35 54,      2.876,      0.000,      0.000,   0.73100,	   1.32200,	   2.39400		, //old index 100
240	  ,  236 06 23 ,  119 35 54,      2.876,      0.000,      0.000,   0.54900,	   1.32900,	   2.39500		, //old index 101
241	  ,  236 06 23 ,  119 35 54,      2.876,      0.000,      0.000,   0.21200,	   1.00400,	   2.39600		, //old index 102
242	  ,  236 06 23 ,  119 35 54,      2.876,      0.000,      0.000,   0.00300,	   1.31500,	   2.40200		, //old index 103
243	  ,  236 06 23 ,  119 35 54,      2.876,      0.000,      0.000,  -0.41200,	   1.00700,	   2.40700		, //old index 104
244	  ,  236 06 23 ,  119 35 54,      2.876,      0.000,      0.000,  -0.66400,	   1.21800,	   2.40300		, //old index 105
245	  ,  236 06 23 ,  119 35 54,      2.876,      0.000,      0.000,  -1.02700,	   0.87200,	   2.40900		, //old index 106
246	  ,  236 06 23 ,  119 35 54,      2.876,      0.000,      0.000,  -0.99100,	   1.87000,	   2.41200		, //old index 107
247	  ,  236 06 23 ,  119 35 54,      2.876,      0.000,      0.000,  -0.63500,	   1.52800,	   2.41200		, //old index 108
248	  ,  236 06 23 ,  119 35 54,      2.876,      0.000,      0.000,  -0.02800,	   1.54000,	   2.40200		, //old index 109
249	  ,  236 06 23 ,  119 35 54,      2.876,      0.000,      0.000,   0.11700,	   1.91200,	   2.39400		, //old index 110
250	  ,  236 06 23 ,  119 35 54,      2.876,      0.000,      0.000,   0.52000,	   1.92000,	   2.39200		, //old index 111
251	  ,  236 06 23 ,  119 35 54,      2.876,      0.000,      0.000,   0.65100,	   1.56800,	   2.39500		, //old index 112
252	  ,  236 06 23 ,  119 35 54,      2.876,      0.000,      0.000,   1.10300,	   1.65300,	   2.39100		, //old index 113
253	  ,  236 06 23 ,  119 35 54,      2.876,      0.000,      0.000,   1.11500,	   1.94700,	   2.38700		, //old index 114
254	  ,  236 06 23 ,  119 35 54,      2.876,      0.000,      0.000,   1.10300,	   2.27600,	   2.38400		, //old index 115
255	  ,  236 06 23 ,  119 35 54,      2.876,      0.000,      0.000,   0.57600,	   2.20200,	   2.38700		, //old index 116
256	  ,  236 06 23 ,  119 35 54,      2.876,      0.000,      0.000,   0.65900,	   2.57700,	   2.38900		, //old index 117
257	  ,  236 06 23 ,  119 35 54,      2.876,      0.000,      0.000,   0.56600,	   3.10100,	   2.38800		, //old index 118
258	  ,  236 06 23 ,  119 35 54,      2.876,      0.000,      0.000,  -0.61300,	   3.03700,	   2.40200		, //old index 119
259	  ,  236 06 23 ,  119 35 54,      2.876,      0.000,      0.000,  -0.69400,	   2.36300,	   2.40200		, //old index 120
260	  ,  236 06 23 ,  119 35 54,      2.876,      0.000,      0.000,  -0.62500,	   1.88400,	   2.40700		, //old index 121
261	  ,  236 06 23 ,  119 35 54,      2.876,      0.000,      0.000,  -0.10500,	   2.41200,	   2.39600		, //old index 122
262	  ,  236 06 23 ,  119 35 54,      2.876,      0.000,      0.000,   0.93000,	   3.75800,	   2.39200		, //old index 123
263	  ,  236 06 23 ,  119 35 54,      2.876,      0.000,      0.000,   0.15500,	   3.75600,	   2.39900		, //old index 124
264	  ,  236 06 23 ,  119 35 54,      2.876,      0.000,      0.000,  -0.46300,	   3.66600,	   2.40500		, //old index 125
265	  ,  236 06 23 ,  119 35 54,      2.876,      0.000,      0.000,  -0.97200,	   3.57900,	   2.40800		, //old index 126
266	  ,  236 06 23 ,  119 35 54,      2.876,      0.000,      0.000,  -0.34300,	   3.50100,	  -1.20700		, //old index 127
267	  ,  236 06 23 ,  119 35 54,      2.876,      0.000,      0.000,   0.22600,	   3.55100,	  -1.20500		, //old index 128
268	  ,  236 06 23 ,  119 35 54,      2.876,      0.000,      0.000,   0.75900,	   3.62600,	  -1.20500		, //old index 129
269	  ,  236 06 23 ,  119 35 54,      2.876,      0.000,      0.000,   0.95100,	   2.86200,	  -1.20400		, //old index 130
270	  ,  236 06 23 ,  119 35 54,      2.876,      0.000,      0.000,   0.32800,	   2.78700,	  -1.20500		, //old index 131
271	  ,  236 06 23 ,  119 35 54,      2.876,      0.000,      0.000,  -0.33200,	   2.86500,	  -1.20200		, //old index 132
272	  ,  236 06 23 ,  119 35 54,      2.876,      0.000,      0.000,   1.10500,	   1.92700,	  -1.20500		, //old index 133
273	  ,  236 06 23 ,  119 35 54,      2.876,      0.000,      0.000,   1.13700,	   1.31000,	  -1.20700		, //old index 134
274	  ,  236 06 23 ,  119 35 54,      2.876,      0.000,      0.000,   1.15800,	   0.96200,	  -1.20900		, //old index 135
275	  ,  236 06 23 ,  119 35 54,      2.876,      0.000,      0.000,   0.47700,	   1.10900,	  -1.20600		, //old index 136
276	  ,  236 06 23 ,  119 35 54,      2.876,      0.000,      0.000,  -0.02200,	   0.84600,	  -1.19300		, //old index 137
277	  ,  236 06 23 ,  119 35 54,      2.876,      0.000,      0.000,   0.52900,	   0.83300,	  -1.20400		, //old index 138
278	  ,  236 06 23 ,  119 35 54,      2.876,      0.000,      0.000,   0.86100,	   0.85800,	  -1.20800		, //old index 139
279	  ,  236 06 23 ,  119 35 54,      2.876,      0.000,      0.000,   0.74900,	   1.12300,	  -1.20800		, //old index 140
280	  ,  236 06 23 ,  119 35 54,      2.876,      0.000,      0.000,  -0.19300,	   0.92600,	  -1.02800		, //old index 141
281	  ,  236 06 23 ,  119 35 54,      2.876,      0.000,      0.000,  -0.46700,	   0.86100,	  -0.63200		, //old index 142
282	  ,  236 06 23 ,  119 35 54,      2.876,      0.000,      0.000,  -0.63500,	   0.85200,	  -0.32300		, //old index 143
283	  ,  236 06 23 ,  119 35 54,      2.876,      0.000,      0.000,  -0.78400,	   1.48100,	  -0.33200		, //old index 144
284	  ,  236 06 23 ,  119 35 54,      2.876,      0.000,      0.000,  -0.55900,	   1.49500,	  -0.77600		, //old index 145
285	  ,  236 06 23 ,  119 35 54,      2.876,      0.000,      0.000,  -0.36400,	   1.56900,	  -1.07800		, //old index 146
286	  ,  236 06 23 ,  119 35 54,      2.876,      0.000,      0.000,  -0.86900,	   1.87200,	  -0.35800		, //old index 147
287	  ,  236 06 23 ,  119 35 54,      2.876,      0.000,      0.000,  -0.65600,	   1.91000,	  -0.82600		, //old index 148
288	  ,  236 06 23 ,  119 35 54,      2.876,      0.000,      0.000,  -0.43900,	   1.86300,	  -1.10800		, //old index 149
289	  ,  236 06 23 ,  119 35 54,      2.876,      0.000,      0.000,  -0.94500,	   2.13200,	  -0.29900		, //old index 150
290	  ,  236 06 23 ,  119 35 54,      2.876,      0.000,      0.000,  -0.81100,	   2.12700,	  -0.64100		, //old index 151
291	  ,  236 06 23 ,  119 35 54,      2.876,      0.000,      0.000,  -0.58100,	   2.14100,	  -1.02500		, //old index 152
292	  ,  236 06 23 ,  119 35 54,      2.876,      0.000,      0.000,  -1.05900,	   2.75400,	  -0.32700		, //old index 153
293	  ,  236 06 23 ,  119 35 54,      2.876,      0.000,      0.000,  -0.93800,	   2.76000,	  -0.65500		, //old index 154
294	  ,  236 06 23 ,  119 35 54,      2.876,      0.000,      0.000,  -0.70100,	   2.85300,	  -1.11000		, //old index 155
295	  ,  236 06 23 ,  119 35 54,      2.876,      0.000,      0.000,  -1.23100,	   3.43500,	  -0.11600		, //old index 156
296	  ,  236 06 23 ,  119 35 54,      2.876,      0.000,      0.000,  -1.14400,	   3.47200,	  -0.50900		, //old index 157
297	  ,  236 06 23 ,  119 35 54,      2.876,      0.000,      0.000,  -0.94500,	   3.63300,	  -1.02200		, //old index 158
298	  ,  236 06 23 ,  119 35 54,      2.876,      0.000,      0.000,  -1.13500,	   3.68500,	  -0.65200		, //old index 159
299	  ,  236 06 23 ,  119 35 54,      2.876,      0.000,      0.000,  -1.21600,	   3.63500,	  -0.34000		, //old index 160
300	  ,  236 06 23 ,  119 35 54,      2.876,      0.000,      0.000,  -0.71900,	   0.86700,	  -0.12200		, //old index 161
301	  ,  236 06 23 ,  119 35 54,      2.876,      0.000,      0.000,  -0.82900,	   0.86500,	   0.23800		, //old index 162
302	  ,  236 06 23 ,  119 35 54,      2.876,      0.000,      0.000,  -0.92000,	   0.91600,	   0.57700		, //old index 163
303	  ,  236 06 23 ,  119 35 54,      2.876,      0.000,      0.000,  -1.03700,	   1.53100,	   0.60700		, //old index 164
304	  ,  236 06 23 ,  119 35 54,      2.876,      0.000,      0.000,  -0.87800,	   1.49600,	  -0.08500		, //old index 165
305	  ,  236 06 23 ,  119 35 54,      2.876,      0.000,      0.000,  -1.09800,	   1.92400,	   0.58000		, //old index 166
306	  ,  236 06 23 ,  119 35 54,      2.876,      0.000,      0.000,  -0.98000,	   1.90400,	  -0.03700		, //old index 167
307	  ,  236 06 23 ,  119 35 54,      2.876,      0.000,      0.000,  -1.00500,	   1.76900,	   0.19000		, //old index 168
308	  ,  236 06 23 ,  119 35 54,      2.876,      0.000,      0.000,  -1.11200,	   2.14900,	   0.43300		, //old index 169
309	  ,  236 06 23 ,  119 35 54,      2.876,      0.000,      0.000,  -1.17200,	   2.50300,	   0.46400		, //old index 170
310	  ,  236 06 23 ,  119 35 54,      2.876,      0.000,      0.000,  -1.21400,	   2.80300,	   0.48900		, //old index 171
311	  ,  236 06 23 ,  119 35 54,      2.876,      0.000,      0.000,  -1.24800,	   3.09400,	   0.46100		, //old index 172
312	  ,  236 06 23 ,  119 35 54,      2.876,      0.000,      0.000,  -1.30200,	   3.57500,	   0.46300		, //old index 173
313	  ,  236 06 23 ,  119 35 54,      2.876,      0.000,      0.000,  -1.27100,	   3.67000,	  -0.05000		, //old index 174
314	  ,  236 06 23 ,  119 35 54,      2.876,      0.000,      0.000,  -1.23700,	   3.41700,	  -0.06400		, //old index 175
315	  ,  236 06 23 ,  119 35 54,      2.876,      0.000,      0.000,  -1.18700,	   3.06600,	  -0.02700		, //old index 176
316	  ,  236 06 23 ,  119 35 54,      2.876,      0.000,      0.000,  -1.14100,	   2.77800,	  -0.01800		, //old index 177
317	  ,  236 06 23 ,  119 35 54,      2.876,      0.000,      0.000,  -1.08900,	   2.48100,	  -0.01100		, //old index 178
318	  ,  236 06 23 ,  119 35 54,      2.876,      0.000,      0.000,  -1.03800,	   2.18500,	  -0.00600		, //old index 179
319	  ,  236 06 23 ,  119 35 54,      2.876,      0.000,      0.000,  -1.09600,	   0.88700,	   2.27600		, //old index 180
320	  ,  236 06 23 ,  119 35 54,      2.876,      0.000,      0.000,  -1.06100,	   0.87200,	   1.56500		, //old index 181
321	  ,  236 06 23 ,  119 35 54,      2.876,      0.000,      0.000,  -1.15000,	   1.49200,	   2.30400		, //old index 182
322	  ,  236 06 23 ,  119 35 54,      2.876,      0.000,      0.000,  -1.12700,	   1.50100,	   1.41500		, //old index 183
323	  ,  236 06 23 ,  119 35 54,      2.876,      0.000,      0.000,  -1.03800,	   1.50400,	   0.64000		, //old index 184
324	  ,  236 06 23 ,  119 35 54,      2.876,      0.000,      0.000,  -1.18300,	   1.89200,	   2.29400		, //old index 185
325	  ,  236 06 23 ,  119 35 54,      2.876,      0.000,      0.000,  -1.17700,	   1.89200,	   1.50600		, //old index 186
326	  ,  236 06 23 ,  119 35 54,      2.876,      0.000,      0.000,  -1.10000,	   1.90200,	   0.61900		, //old index 187
327	  ,  236 06 23 ,  119 35 54,      2.876,      0.000,      0.000,  -1.20400,	   2.14500,	   2.21900		, //old index 188
328	  ,  236 06 23 ,  119 35 54,      2.876,      0.000,      0.000,  -1.20300,	   2.14500,	   1.44100		, //old index 189
329	  ,  236 06 23 ,  119 35 54,      2.876,      0.000,      0.000,  -1.13400,	   2.14200,	   0.61900		, //old index 190
330	  ,  236 06 23 ,  119 35 54,      2.876,      0.000,      0.000,  -1.25600,	   2.79000,	   2.25100		, //old index 191
331	  ,  236 06 23 ,  119 35 54,      2.876,      0.000,      0.000,  -1.26400,	   2.77800,	   1.44900		, //old index 192
332	  ,  236 06 23 ,  119 35 54,      2.876,      0.000,      0.000,  -1.21700,	   2.75800,	   0.57400		, //old index 193
333	  ,  236 06 23 ,  119 35 54,      2.876,      0.000,      0.000,  -1.30900,	   3.57800,	   0.57200		, //old index 194
334	  ,  236 06 23 ,  119 35 54,      2.876,      0.000,      0.000,  -1.32100,	   3.50200,	   1.44300		, //old index 195
335	  ,  236 06 23 ,  119 35 54,      2.876,      0.000,      0.000,  -1.31000,	   3.49300,	   2.21200		, //old index 196
336	  ,  236 06 23 ,  119 35 54,      2.876,      0.000,      0.000,   0.34200,	   3.83700,	   0.05300		, //old index 197
337	  ,  236 06 23 ,  119 35 54,      2.876,      0.000,      0.000,   0.34400,	   1.24200,	   4.37600		, //old index 198
338	  ,  236 06 23 ,  119 35 54,      2.876,      0.000,      0.000,   1.18800,	   1.47200,	   3.60000		, //old index 199
339	  ,  236 06 23 ,  119 35 54,      2.876,      0.000,      0.000,  -0.44100,	   0.93100,	   3.14300		, //old index 200
