   Point ID     ,  Hz.(º ' "),  V.(º ' "),Slope Dist.(m),Refl.Ht.(m),Inst.Ht.(m),Easting(m),  Northing(m),  Height(m)
ADG             ,    0 00 01 ,   89 46 50,          0,      0.000,      0.000,            0,            0,          0
2               ,  269 56 54 ,   86 49 49,      2.825,      0.000,      0.000,       -2.820,       -0.003,      0.156
3               ,    6 36 16 ,  133 55 00,      2.094,      0.000,      0.000,        0.173,        1.498,     -1.452
4               ,    8 06 59 ,  133 55 00,      2.093,      0.000,      0.000,        0.213,        1.493,     -1.452
5               ,    5 37 20 ,  133 30 52,      2.109,      0.000,      0.000,        0.150,        1.522,     -1.452
6               ,    7 11 44 ,   10 47 42,      7.981,      0.000,      0.000,        0.187,        1.483,      7.840
7               ,    9 58 09 ,   11 34 33,      8.004,      0.000,      0.000,        0.278,        1.582,      7.841
8               ,    5 07 18 ,   11 34 33,      8.006,      0.000,      0.000,        0.143,        1.600,      7.843
9               ,   23 51 12 ,   99 19 58,      7.904,      0.000,      0.000,        3.154,        7.133,     -1.282
10              ,   23 51 15 ,   90 20 46,      7.801,      0.000,      0.000,        3.155,        7.135,     -0.047
11              ,   23 51 20 ,   80 49 13,      7.910,      0.000,      0.000,        3.158,        7.141,      1.262
12              ,   23 51 25 ,   71 27 19,      8.241,      0.000,      0.000,        3.160,        7.145,      2.621
13              ,   23 51 24 ,   62 29 57,      8.807,      0.000,      0.000,        3.159,        7.144,      4.067
14              ,   23 51 24 ,   54 27 29,      9.593,      0.000,      0.000,        3.157,        7.139,      5.577
15              ,   23 50 59 ,   45 10 46,     11.016,      0.000,      0.000,        3.159,        7.146,      7.765
16              ,   21 05 19 ,   44 50 22,     10.864,      0.000,      0.000,        2.756,        7.147,      7.703
17              ,   21 05 19 ,   53 31 58,      9.514,      0.000,      0.000,        2.753,        7.139,      5.655
18              ,   21 05 18 ,   63 03 42,      8.585,      0.000,      0.000,        2.754,        7.141,      3.889
19              ,   21 05 17 ,   71 58 27,      8.054,      0.000,      0.000,        2.756,        7.145,      2.492
20              ,   21 05 17 ,   83 06 01,      7.702,      0.000,      0.000,        2.751,        7.134,      0.925
21              ,   21 05 18 ,   94 52 51,      7.670,      0.000,      0.000,        2.750,        7.131,     -0.653
22              ,   21 05 06 ,   98 39 08,      7.730,      0.000,      0.000,        2.749,        7.130,     -1.163
23              ,   13 04 59 ,  100 02 35,      7.423,      0.000,      0.000,        1.655,        7.120,     -1.295
24              ,   13 05 11 ,   89 08 21,      7.317,      0.000,      0.000,        1.656,        7.126,      0.110
25              ,   13 05 13 ,   79 59 46,      7.432,      0.000,      0.000,        1.657,        7.129,      1.291
26              ,   13 05 12 ,   70 57 38,      7.749,      0.000,      0.000,        1.659,        7.135,      2.528
27              ,   13 05 14 ,   62 34 56,      8.256,      0.000,      0.000,        1.659,        7.138,      3.802
28              ,   13 05 15 ,   56 03 23,      8.837,      0.000,      0.000,        1.660,        7.141,      4.934
29              ,   13 05 15 ,   49 36 36,      9.634,      0.000,      0.000,        1.662,        7.148,      6.243
30              ,   13 04 56 ,   43 58 03,     10.573,      0.000,      0.000,        1.661,        7.150,      7.610
31              ,    9 34 39 ,   43 58 16,     10.437,      0.000,      0.000,        1.206,        7.146,      7.512
32              ,    9 34 40 ,   50 45 56,      9.351,      0.000,      0.000,        1.205,        7.142,      5.915
33              ,    9 34 39 ,   56 46 53,      8.651,      0.000,      0.000,        1.204,        7.136,      4.739
34              ,    9 34 39 ,   67 37 56,      7.819,      0.000,      0.000,        1.203,        7.130,      2.976
35              ,    9 34 41 ,   77 17 03,      7.403,      0.000,      0.000,        1.202,        7.121,      1.630
36              ,    9 34 41 ,   88 32 18,      7.218,      0.000,      0.000,        1.201,        7.115,      0.184
37              ,    9 34 07 ,   99 30 20,      7.310,      0.000,      0.000,        1.198,        7.109,     -1.207
38              ,    0 38 58 ,   99 30 17,      7.190,      0.000,      0.000,        0.080,        7.091,     -1.187
39              ,    0 39 07 ,   89 36 30,      7.090,      0.000,      0.000,        0.081,        7.090,      0.048
40              ,    0 39 14 ,   78 31 37,      7.233,      0.000,      0.000,        0.081,        7.088,      1.439
41              ,    0 39 13 ,   67 58 58,      7.653,      0.000,      0.000,        0.081,        7.095,      2.869
42              ,    0 39 13 ,   58 30 46,      8.321,      0.000,      0.000,        0.081,        7.096,      4.346
43              ,    0 39 14 ,   49 57 30,      9.276,      0.000,      0.000,        0.081,        7.101,      5.968
44              ,    0 38 53 ,   42 56 29,     10.427,      0.000,      0.000,        0.080,        7.103,      7.633
45              ,  357 17 55 ,   42 31 55,     10.488,      0.000,      0.000,       -0.334,        7.082,      7.729
46              ,  357 17 53 ,   50 07 29,      9.235,      0.000,      0.000,       -0.334,        7.080,      5.921
47              ,  357 17 54 ,   58 37 56,      8.300,      0.000,      0.000,       -0.334,        7.079,      4.320
48              ,  357 17 56 ,   67 41 50,      7.663,      0.000,      0.000,       -0.334,        7.082,      2.908
49              ,  357 17 54 ,   79 06 38,      7.218,      0.000,      0.000,       -0.334,        7.080,      1.364
50              ,  357 17 52 ,   89 27 03,      7.092,      0.000,      0.000,       -0.334,        7.084,      0.068
51              ,  357 18 01 ,   95 21 19,      7.124,      0.000,      0.000,       -0.334,        7.085,     -0.665
52              ,  347 49 29 ,   93 10 39,      7.263,      0.000,      0.000,       -1.529,        7.088,     -0.403
53              ,  347 49 36 ,   82 45 12,      7.304,      0.000,      0.000,       -1.528,        7.083,      0.921
54              ,  347 49 40 ,   73 37 37,      7.545,      0.000,      0.000,       -1.526,        7.076,      2.127
55              ,  347 49 39 ,   66 00 41,      7.923,      0.000,      0.000,       -1.526,        7.076,      3.221
56              ,  347 49 40 ,   57 13 36,      8.605,      0.000,      0.000,       -1.526,        7.073,      4.658
57              ,  347 49 38 ,   51 15 29,      9.279,      0.000,      0.000,       -1.526,        7.074,      5.807
58              ,  347 49 37 ,   46 16 31,     10.012,      0.000,      0.000,       -1.526,        7.073,      6.921
59              ,  347 49 20 ,   43 18 34,     10.550,      0.000,      0.000,       -1.526,        7.074,      7.677
60              ,  344 37 32 ,   43 47 09,     10.618,      0.000,      0.000,       -1.948,        7.084,      7.666
61              ,  344 37 29 ,   50 05 38,      9.577,      0.000,      0.000,       -1.948,        7.083,      6.144
62              ,  344 37 30 ,   56 59 13,      8.762,      0.000,      0.000,       -1.948,        7.084,      4.774
63              ,  344 37 29 ,   66 31 40,      8.012,      0.000,      0.000,       -1.948,        7.086,      3.191
64              ,  344 37 30 ,   75 07 54,      7.605,      0.000,      0.000,       -1.949,        7.088,      1.952
65              ,  344 37 31 ,   84 01 54,      7.394,      0.000,      0.000,       -1.950,        7.091,      0.769
66              ,  344 37 30 ,   92 33 48,      7.364,      0.000,      0.000,       -1.950,        7.093,     -0.329
67              ,  340 27 44 ,   94 31 51,      8.366,      0.000,      0.000,       -2.789,        7.859,     -0.661
68              ,  340 28 02 ,   86 05 58,      8.357,      0.000,      0.000,       -2.788,        7.858,      0.568
69              ,  340 28 02 ,   77 12 11,      8.553,      0.000,      0.000,       -2.789,        7.861,      1.895
70              ,  340 28 03 ,   69 07 00,      8.921,      0.000,      0.000,       -2.787,        7.855,      3.180
71              ,  340 28 02 ,   61 09 53,      9.492,      0.000,      0.000,       -2.780,        7.837,      4.578
72              ,  340 28 02 ,   53 29 59,     10.316,      0.000,      0.000,       -2.773,        7.815,      6.136
73              ,  343 07 02 ,   49 41 24,     10.756,      0.000,      0.000,       -2.382,        7.848,      6.958
74              ,  343 06 58 ,   56 13 09,      9.869,      0.000,      0.000,       -2.382,        7.849,      5.487
75              ,  343 06 59 ,   64 20 04,      9.113,      0.000,      0.000,       -2.386,        7.860,      3.947
76              ,  343 06 59 ,   73 05 03,      8.592,      0.000,      0.000,       -2.387,        7.866,      2.500
77              ,  343 06 58 ,   82 41 33,      8.281,      0.000,      0.000,       -2.386,        7.860,      1.053
78              ,  343 06 57 ,   90 28 42,      8.215,      0.000,      0.000,       -2.386,        7.861,     -0.069
79              ,  343 07 01 ,   94 44 14,      8.242,      0.000,      0.000,       -2.385,        7.860,     -0.681
80              ,  350 53 09 ,   98 53 16,      8.051,      0.000,      0.000,       -1.260,        7.853,     -1.244
81              ,  350 53 09 ,   90 22 20,      7.947,      0.000,      0.000,       -1.259,        7.847,     -0.052
82              ,  351 09 14 ,   82 01 43,      8.015,      0.000,      0.000,       -1.221,        7.843,      1.111
83              ,  351 09 22 ,   72 28 47,      8.324,      0.000,      0.000,       -1.220,        7.843,      2.506
84              ,  351 09 22 ,   64 56 19,      8.760,      0.000,      0.000,       -1.220,        7.841,      3.711
85              ,  351 09 20 ,   57 17 44,      9.427,      0.000,      0.000,       -1.220,        7.838,      5.093
86              ,  351 09 22 ,   50 53 50,     10.220,      0.000,      0.000,       -1.219,        7.837,      6.446
87              ,  351 09 18 ,   45 49 03,     11.052,      0.000,      0.000,       -1.219,        7.831,      7.703
88              ,  355 02 04 ,   45 49 06,     10.969,      0.000,      0.000,       -0.681,        7.837,      7.644
89              ,  354 57 57 ,   52 28 37,      9.918,      0.000,      0.000,       -0.690,        7.836,      6.041
90              ,  354 57 55 ,   60 31 03,      9.038,      0.000,      0.000,       -0.690,        7.838,      4.448
91              ,  354 57 52 ,   67 22 39,      8.527,      0.000,      0.000,       -0.691,        7.841,      3.280
92              ,  354 57 53 ,   75 42 42,      8.125,      0.000,      0.000,       -0.691,        7.843,      2.005
93              ,  354 57 52 ,   82 16 23,      7.945,      0.000,      0.000,       -0.691,        7.843,      1.068
94              ,  353 51 59 ,   89 47 29,      7.891,      0.000,      0.000,       -0.843,        7.846,      0.029
95              ,  354 39 30 ,   99 29 50,      7.996,      0.000,      0.000,       -0.734,        7.853,     -1.319
96              ,    2 35 38 ,   98 44 35,      7.961,      0.000,      0.000,        0.356,        7.860,     -1.210
97              ,    2 35 44 ,   88 47 21,      7.870,      0.000,      0.000,        0.356,        7.860,      0.166
98              ,    2 35 42 ,   80 21 35,      7.981,      0.000,      0.000,        0.356,        7.861,      1.337
99              ,    2 43 22 ,   70 32 16,      8.354,      0.000,      0.000,        0.374,        7.868,      2.783
100             ,    2 43 19 ,   63 27 46,      8.809,      0.000,      0.000,        0.374,        7.872,      3.936
101             ,    2 43 24 ,   55 51 09,      9.528,      0.000,      0.000,        0.375,        7.877,      5.348
102             ,    2 43 28 ,   50 10 43,     10.274,      0.000,      0.000,        0.375,        7.882,      6.579
103             ,    2 43 21 ,   45 51 25,     10.999,      0.000,      0.000,        0.375,        7.884,      7.661
104             ,    5 43 42 ,   45 51 28,     11.062,      0.000,      0.000,        0.792,        7.899,      7.704
105             ,    5 43 44 ,   51 39 59,     10.119,      0.000,      0.000,        0.792,        7.898,      6.276
106             ,    5 43 41 ,   59 40 49,      9.187,      0.000,      0.000,        0.792,        7.891,      4.638
107             ,    5 43 40 ,   70 08 04,      8.424,      0.000,      0.000,        0.791,        7.883,      2.863
108             ,    5 43 40 ,   79 44 47,      8.042,      0.000,      0.000,        0.790,        7.874,      1.432
109             ,    5 43 40 ,   88 09 04,      7.916,      0.000,      0.000,        0.790,        7.872,      0.255
110             ,    5 43 40 ,   98 35 20,      7.997,      0.000,      0.000,        0.789,        7.868,     -1.194
111             ,   14 28 28 ,   98 35 18,      8.242,      0.000,      0.000,        2.037,        7.891,     -1.231
112             ,   14 28 32 ,   88 37 35,      8.155,      0.000,      0.000,        2.038,        7.894,      0.195
113             ,   14 28 36 ,   80 20 40,      8.274,      0.000,      0.000,        2.039,        7.897,      1.388
114             ,   14 28 39 ,   73 14 28,      8.521,      0.000,      0.000,        2.040,        7.900,      2.457
115             ,   14 28 37 ,   66 00 51,      8.933,      0.000,      0.000,        2.040,        7.903,      3.631
116             ,   14 28 32 ,   57 47 53,      9.649,      0.000,      0.000,        2.041,        7.906,      5.142
117             ,   14 35 44 ,   51 51 59,     10.391,      0.000,      0.000,        2.060,        7.910,      6.417
118             ,   14 35 45 ,   46 57 01,     11.190,      0.000,      0.000,        2.061,        7.913,      7.639
119             ,   17 02 13 ,   46 57 15,     11.324,      0.000,      0.000,        2.425,        7.912,      7.729
120             ,   17 02 18 ,   53 32 13,     10.282,      0.000,      0.000,        2.423,        7.906,      6.111
121             ,   17 02 14 ,   62 18 40,      9.334,      0.000,      0.000,        2.422,        7.902,      4.337
122             ,   17 02 15 ,   73 43 48,      8.605,      0.000,      0.000,        2.420,        7.898,      2.411
123             ,   17 02 13 ,   82 40 41,      8.329,      0.000,      0.000,        2.420,        7.898,      1.061
124             ,   17 02 10 ,   90 13 45,      8.258,      0.000,      0.000,        2.419,        7.895,     -0.033
125             ,   17 02 13 ,   98 00 13,      8.339,      0.000,      0.000,        2.419,        7.895,     -1.161
126             ,   27 00 34 ,  100 46 47,      6.566,      0.000,      0.000,        2.929,        5.746,     -1.228
127             ,   27 00 44 ,   90 32 39,      6.441,      0.000,      0.000,        2.925,        5.738,     -0.061
128             ,   27 00 47 ,   79 25 30,      6.535,      0.000,      0.000,        2.918,        5.723,      1.199
129             ,   27 00 50 ,   68 41 21,      6.906,      0.000,      0.000,        2.922,        5.732,      2.510
130             ,   27 00 49 ,   60 38 27,      7.378,      0.000,      0.000,        2.921,        5.729,      3.617
131             ,   27 00 53 ,   52 30 13,      8.095,      0.000,      0.000,        2.917,        5.722,      4.927
132             ,   27 00 52 ,   45 29 03,      8.999,      0.000,      0.000,        2.915,        5.717,      6.309
133             ,   27 00 48 ,   40 12 38,      9.912,      0.000,      0.000,        2.906,        5.701,      7.569
134             ,   28 55 53 ,   38 50 29,      9.588,      0.000,      0.000,        2.909,        5.263,      7.468
135             ,   28 55 54 ,   45 25 33,      8.448,      0.000,      0.000,        2.911,        5.267,      5.929
136             ,   28 55 53 ,   53 36 45,      7.479,      0.000,      0.000,        2.913,        5.269,      4.437
137             ,   28 55 52 ,   61 09 41,      6.881,      0.000,      0.000,        2.916,        5.275,      3.319
138             ,   28 55 49 ,   70 38 52,      6.400,      0.000,      0.000,        2.921,        5.285,      2.121
139             ,   28 55 50 ,   80 40 52,      6.113,      0.000,      0.000,        2.918,        5.279,      0.990
140             ,   28 55 49 ,   90 16 36,      6.042,      0.000,      0.000,        2.923,        5.288,     -0.029
141             ,   28 55 50 ,  101 27 49,      6.167,      0.000,      0.000,        2.924,        5.289,     -1.226
142             ,   34 55 39 ,  103 58 13,      5.278,      0.000,      0.000,        2.933,        4.200,     -1.274
143             ,   34 55 40 ,   89 53 04,      5.116,      0.000,      0.000,        2.929,        4.194,      0.010
144             ,   34 55 48 ,   76 27 25,      5.253,      0.000,      0.000,        2.924,        4.187,      1.230
145             ,   34 55 51 ,   63 09 28,      5.720,      0.000,      0.000,        2.923,        4.185,      2.583
146             ,   34 55 50 ,   54 29 40,      6.261,      0.000,      0.000,        2.918,        4.179,      3.636
147             ,   34 55 52 ,   47 00 04,      6.960,      0.000,      0.000,        2.915,        4.173,      4.747
148             ,   34 55 54 ,   40 35 22,      7.814,      0.000,      0.000,        2.911,        4.168,      5.934
149             ,   34 55 51 ,   33 39 17,      9.170,      0.000,      0.000,        2.910,        4.166,      7.633
150             ,   38 35 52 ,   31 22 02,      8.961,      0.000,      0.000,        2.910,        3.645,      7.651
151             ,   38 35 50 ,   36 42 15,      7.811,      0.000,      0.000,        2.912,        3.649,      6.262
152             ,   38 35 48 ,   44 45 41,      6.633,      0.000,      0.000,        2.914,        3.650,      4.710
153             ,   38 35 48 ,   53 31 43,      5.816,      0.000,      0.000,        2.918,        3.655,      3.457
154             ,   38 35 46 ,   62 34 21,      5.277,      0.000,      0.000,        2.922,        3.661,      2.431
155             ,   38 35 47 ,   74 45 57,      4.860,      0.000,      0.000,        2.925,        3.665,      1.277
156             ,   38 35 45 ,   86 45 15,      4.699,      0.000,      0.000,        2.927,        3.667,      0.266
157             ,   38 35 49 ,   94 52 50,      4.713,      0.000,      0.000,        2.930,        3.670,     -0.401
158             ,   38 35 48 ,  104 55 04,      4.862,      0.000,      0.000,        2.931,        3.672,     -1.252
159             ,   48 46 52 ,  107 42 52,      4.095,      0.000,      0.000,        2.934,        2.570,     -1.246
160             ,   48 46 54 ,   92 27 48,      3.898,      0.000,      0.000,        2.929,        2.566,     -0.168
161             ,   48 46 59 ,   80 17 13,      3.945,      0.000,      0.000,        2.925,        2.562,      0.666
162             ,   48 46 59 ,   66 10 39,      4.249,      0.000,      0.000,        2.924,        2.561,      1.716
163             ,   48 47 02 ,   54 12 23,      4.785,      0.000,      0.000,        2.920,        2.558,      2.799
164             ,   48 47 02 ,   44 08 14,      5.565,      0.000,      0.000,        2.915,        2.553,      3.994
165             ,   48 47 01 ,   37 27 06,      6.369,      0.000,      0.000,        2.913,        2.552,      5.056
166             ,   48 46 57 ,   30 58 44,      7.514,      0.000,      0.000,        2.909,        2.548,      6.442
167             ,   48 46 57 ,   27 11 08,      8.457,      0.000,      0.000,        2.906,        2.546,      7.522
168             ,   55 00 26 ,   25 17 59,      8.303,      0.000,      0.000,        2.907,        2.035,      7.507
169             ,   55 00 27 ,   32 02 41,      6.709,      0.000,      0.000,        2.916,        2.041,      5.687
170             ,   55 00 26 ,   40 35 18,      5.479,      0.000,      0.000,        2.920,        2.044,      4.160
171             ,   55 00 25 ,   49 40 24,      4.683,      0.000,      0.000,        2.925,        2.047,      3.031
172             ,   55 00 27 ,   62 33 42,      4.030,      0.000,      0.000,        2.930,        2.051,      1.857
173             ,   55 00 26 ,   78 04 02,      3.659,      0.000,      0.000,        2.933,        2.053,      0.757
174             ,   55 00 24 ,   90 34 43,      3.584,      0.000,      0.000,        2.936,        2.055,     -0.036
175             ,   55 00 26 ,  108 18 00,      3.779,      0.000,      0.000,        2.940,        2.058,     -1.187
176             ,   71 16 49 ,  112 25 10,      3.373,      0.000,      0.000,        2.953,        1.001,     -1.286
177             ,   71 16 57 ,   96 12 08,      3.131,      0.000,      0.000,        2.948,        0.999,     -0.338
178             ,   71 16 56 ,   78 09 56,      3.176,      0.000,      0.000,        2.944,        0.998,      0.651
179             ,   71 16 55 ,   60 50 28,      3.565,      0.000,      0.000,        2.949,        0.999,      1.737
180             ,   71 16 53 ,   47 33 53,      4.212,      0.000,      0.000,        2.944,        0.998,      2.842
181             ,   71 16 54 ,   37 49 14,      5.062,      0.000,      0.000,        2.940,        0.996,      3.999
182             ,   71 16 54 ,   29 47 37,      6.236,      0.000,      0.000,        2.934,        0.994,      5.411
183             ,   71 16 53 ,   24 29 30,      7.462,      0.000,      0.000,        2.930,        0.993,      6.791
184             ,   71 16 49 ,   21 54 26,      8.283,      0.000,      0.000,        2.927,        0.992,      7.685
185             ,   81 33 02 ,   21 15 30,      8.162,      0.000,      0.000,        2.927,        0.435,      7.607
186             ,   81 33 00 ,   26 39 32,      6.604,      0.000,      0.000,        2.931,        0.435,      5.902
187             ,   81 33 02 ,   33 52 44,      5.320,      0.000,      0.000,        2.934,        0.436,      4.417
188             ,   81 33 02 ,   42 18 10,      4.418,      0.000,      0.000,        2.941,        0.437,      3.267
189             ,   81 33 01 ,   55 03 23,      3.632,      0.000,      0.000,        2.945,        0.437,      2.080
190             ,   81 33 01 ,   75 19 51,      3.082,      0.000,      0.000,        2.949,        0.438,      0.780
191             ,   81 32 59 ,   89 52 59,      2.984,      0.000,      0.000,        2.951,        0.438,      0.006
192             ,   81 33 02 ,  112 40 24,      3.240,      0.000,      0.000,        2.957,        0.439,     -1.249
193             ,  101 28 13 ,  112 18 47,      3.261,      0.000,      0.000,        2.957,       -0.600,     -1.238
194             ,  101 28 25 ,   96 06 22,      3.029,      0.000,      0.000,        2.952,       -0.599,     -0.322
195             ,  101 28 21 ,   77 54 32,      3.074,      0.000,      0.000,        2.946,       -0.598,      0.644
196             ,  101 28 25 ,   61 34 50,      3.418,      0.000,      0.000,        2.946,       -0.598,      1.627
197             ,  101 28 21 ,   45 14 16,      4.225,      0.000,      0.000,        2.940,       -0.597,      2.975
198             ,  101 28 20 ,   35 21 02,      5.178,      0.000,      0.000,        2.936,       -0.596,      4.224
199             ,  101 28 21 ,   27 57 06,      6.388,      0.000,      0.000,        2.934,       -0.596,      5.643
200             ,  101 28 16 ,   21 24 53,      8.187,      0.000,      0.000,        2.929,       -0.594,      7.622
201             ,  111 41 48 ,   22 33 51,      8.224,      0.000,      0.000,        2.932,       -1.167,      7.594
202             ,  111 41 48 ,   27 46 37,      6.777,      0.000,      0.000,        2.934,       -1.168,      5.996
203             ,  111 41 49 ,   35 34 54,      5.437,      0.000,      0.000,        2.940,       -1.170,      4.422
204             ,  111 41 47 ,   42 43 59,      4.666,      0.000,      0.000,        2.942,       -1.171,      3.428
205             ,  111 41 52 ,   53 32 38,      3.941,      0.000,      0.000,        2.945,       -1.172,      2.342
206             ,  111 21 01 ,   67 19 42,      3.428,      0.000,      0.000,        2.946,       -1.151,      1.321
207             ,  111 21 00 ,   82 52 33,      3.192,      0.000,      0.000,        2.950,       -1.153,      0.396
208             ,  111 21 01 ,  100 03 21,      3.220,      0.000,      0.000,        2.953,       -1.154,     -0.562
209             ,  111 21 00 ,  112 15 12,      3.430,      0.000,      0.000,        2.957,       -1.156,     -1.299
210             ,  126 30 55 ,  108 11 11,      3.900,      0.000,      0.000,        2.978,       -2.205,     -1.217
211             ,  126 31 00 ,   93 13 13,      3.706,      0.000,      0.000,        2.974,       -2.202,     -0.208
212             ,  126 31 08 ,   79 09 52,      3.760,      0.000,      0.000,        2.968,       -2.198,      0.707
213             ,  126 31 11 ,   64 51 08,      4.078,      0.000,      0.000,        2.966,       -2.197,      1.733
214             ,  126 31 10 ,   52 04 13,      4.674,      0.000,      0.000,        2.963,       -2.194,      2.873
215             ,  126 31 08 ,   44 02 36,      5.292,      0.000,      0.000,        2.957,       -2.190,      3.804
216             ,  126 31 02 ,   36 24 36,      6.185,      0.000,      0.000,        2.950,       -2.185,      4.978
217             ,  127 06 50 ,   30 22 23,      7.311,      0.000,      0.000,        2.948,       -2.231,      6.308
218             ,  127 37 39 ,   25 39 38,      8.563,      0.000,      0.000,        2.937,       -2.264,      7.718
219             ,  133 07 01 ,   27 32 50,      8.695,      0.000,      0.000,        2.935,       -2.749,      7.709
220             ,  132 59 15 ,   32 46 11,      7.437,      0.000,      0.000,        2.945,       -2.745,      6.254
221             ,  132 59 16 ,   38 52 22,      6.426,      0.000,      0.000,        2.950,       -2.750,      5.003
222             ,  132 59 17 ,   47 36 16,      5.471,      0.000,      0.000,        2.956,       -2.755,      3.689
223             ,  132 39 59 ,   59 14 49,      4.685,      0.000,      0.000,        2.960,       -2.729,      2.396
224             ,  132 39 52 ,   73 46 22,      4.188,      0.000,      0.000,        2.957,       -2.725,      1.170
225             ,  132 39 53 ,   88 38 12,      4.028,      0.000,      0.000,        2.961,       -2.729,      0.096
226             ,  132 39 51 ,  107 54 31,      4.234,      0.000,      0.000,        2.962,       -2.730,     -1.302
227             ,  142 04 14 ,  104 46 03,      4.995,      0.000,      0.000,        2.969,       -3.810,     -1.273
228             ,  142 04 25 ,   94 44 17,      4.845,      0.000,      0.000,        2.968,       -3.809,     -0.400
229             ,  142 04 28 ,   83 31 34,      4.857,      0.000,      0.000,        2.966,       -3.807,      0.548
230             ,  142 04 28 ,   73 11 24,      5.037,      0.000,      0.000,        2.964,       -3.804,      1.457
231             ,  142 04 30 ,   61 56 34,      5.469,      0.000,      0.000,        2.967,       -3.807,      2.572
232             ,  142 04 28 ,   52 36 47,      6.067,      0.000,      0.000,        2.963,       -3.803,      3.684
233             ,  142 04 28 ,   45 44 06,      6.728,      0.000,      0.000,        2.961,       -3.800,      4.696
234             ,  142 04 24 ,   39 10 48,      7.623,      0.000,      0.000,        2.960,       -3.799,      5.909
235             ,  142 28 55 ,   32 38 21,      9.014,      0.000,      0.000,        2.961,       -3.856,      7.591
236             ,  145 33 49 ,   34 29 37,      9.244,      0.000,      0.000,        2.960,       -4.318,      7.619
237             ,  145 33 49 ,   41 25 52,      7.933,      0.000,      0.000,        2.969,       -4.330,      5.948
238             ,  145 33 45 ,   47 59 36,      7.071,      0.000,      0.000,        2.971,       -4.333,      4.732
239             ,  145 33 45 ,   55 37 59,      6.373,      0.000,      0.000,        2.975,       -4.338,      3.597
240             ,  145 33 44 ,   66 13 38,      5.746,      0.000,      0.000,        2.974,       -4.337,      2.316
241             ,  145 33 45 ,   77 53 51,      5.373,      0.000,      0.000,        2.971,       -4.333,      1.126
242             ,  145 33 43 ,   89 26 19,      5.253,      0.000,      0.000,        2.970,       -4.332,      0.051
243             ,  145 19 29 ,  103 50 39,      5.373,      0.000,      0.000,        2.968,       -4.290,     -1.286
244             ,   47 21 55 ,  104 28 55,      5.190,      0.000,      0.000,        3.697,        3.404,     -1.298
245             ,   47 21 57 ,   98 21 24,      5.075,      0.000,      0.000,        3.694,        3.401,     -0.738
246             ,   47 22 09 ,   91 40 53,      5.021,      0.000,      0.000,        3.693,        3.399,     -0.147
247             ,   47 22 10 ,   84 43 29,      5.040,      0.000,      0.000,        3.692,        3.399,      0.463
248             ,   47 22 09 ,   77 48 57,      5.129,      0.000,      0.000,        3.689,        3.396,      1.083
249             ,   47 22 13 ,   69 57 55,      5.332,      0.000,      0.000,        3.685,        3.392,      1.827
250             ,   47 22 13 ,   61 58 51,      5.667,      0.000,      0.000,        3.681,        3.388,      2.662
251             ,   47 22 11 ,   56 05 08,      6.025,      0.000,      0.000,        3.679,        3.386,      3.362
252             ,   47 22 13 ,   49 38 21,      6.558,      0.000,      0.000,        3.677,        3.384,      4.247
253             ,   47 22 11 ,   44 16 39,      7.154,      0.000,      0.000,        3.675,        3.383,      5.122
254             ,   47 22 11 ,   39 45 03,      7.805,      0.000,      0.000,        3.672,        3.380,      6.001
255             ,   47 22 10 ,   36 06 44,      8.469,      0.000,      0.000,        3.673,        3.381,      6.842
256             ,   47 31 30 ,   33 26 26,      9.034,      0.000,      0.000,        3.672,        3.362,      7.539
257             ,   64 05 32 ,   28 30 49,      8.570,      0.000,      0.000,        3.680,        1.787,      7.530
258             ,   64 05 30 ,   32 56 00,      7.532,      0.000,      0.000,        3.683,        1.789,      6.321
259             ,   64 05 32 ,   37 29 37,      6.734,      0.000,      0.000,        3.687,        1.791,      5.343
260             ,   64 05 35 ,   43 30 23,      5.957,      0.000,      0.000,        3.689,        1.792,      4.320
261             ,   64 05 34 ,   50 10 37,      5.343,      0.000,      0.000,        3.691,        1.793,      3.422
262             ,   64 05 35 ,   58 57 32,      4.794,      0.000,      0.000,        3.694,        1.794,      2.472
263             ,   64 05 34 ,   68 28 53,      4.420,      0.000,      0.000,        3.699,        1.797,      1.621
264             ,   64 05 34 ,   79 32 17,      4.185,      0.000,      0.000,        3.702,        1.798,      0.760
265             ,   64 05 34 ,   93 24 14,      4.127,      0.000,      0.000,        3.706,        1.800,     -0.245
266             ,   64 05 33 ,  107 03 17,      4.307,      0.000,      0.000,        3.704,        1.799,     -1.263
267             ,   69 39 54 ,  108 15 22,      4.169,      0.000,      0.000,        3.713,        1.376,     -1.306
268             ,   69 39 57 ,   97 48 22,      4.000,      0.000,      0.000,        3.716,        1.377,     -0.543
269             ,   69 39 56 ,   87 52 46,      3.961,      0.000,      0.000,        3.712,        1.375,      0.147
270             ,   69 40 00 ,   77 21 51,      4.052,      0.000,      0.000,        3.707,        1.374,      0.886
271             ,   69 39 58 ,   66 22 01,      4.312,      0.000,      0.000,        3.704,        1.373,      1.728
272             ,   69 54 58 ,   57 03 01,      4.693,      0.000,      0.000,        3.699,        1.352,      2.553
273             ,   69 54 55 ,   50 25 39,      5.108,      0.000,      0.000,        3.698,        1.352,      3.254
274             ,   69 54 57 ,   43 29 18,      5.717,      0.000,      0.000,        3.695,        1.351,      4.148
275             ,   69 54 53 ,   37 14 49,      6.496,      0.000,      0.000,        3.693,        1.350,      5.171
276             ,   69 54 55 ,   31 38 31,      7.485,      0.000,      0.000,        3.688,        1.348,      6.372
277             ,   69 54 54 ,   27 17 12,      8.552,      0.000,      0.000,        3.682,        1.346,      7.601
278             ,   87 22 35 ,   26 17 58,      8.336,      0.000,      0.000,        3.689,        0.169,      7.473
279             ,   87 22 34 ,   30 45 25,      7.228,      0.000,      0.000,        3.693,        0.169,      6.212
280             ,   87 22 35 ,   36 15 59,      6.253,      0.000,      0.000,        3.695,        0.169,      5.042
281             ,   87 22 35 ,   43 54 52,      5.339,      0.000,      0.000,        3.699,        0.170,      3.846
282             ,   87 22 33 ,   52 51 07,      4.650,      0.000,      0.000,        3.702,        0.170,      2.808
283             ,   87 22 32 ,   63 39 50,      4.140,      0.000,      0.000,        3.707,        0.170,      1.837
284             ,   87 22 36 ,   77 37 22,      3.807,      0.000,      0.000,        3.714,        0.170,      0.816
285             ,   87 22 36 ,   89 41 24,      3.721,      0.000,      0.000,        3.717,        0.170,      0.020
286             ,   87 22 32 ,  101 38 24,      3.802,      0.000,      0.000,        3.720,        0.171,     -0.767
287             ,   87 22 35 ,  108 54 45,      3.939,      0.000,      0.000,        3.722,        0.171,     -1.277
288             ,   94 14 37 ,  109 40 38,      3.961,      0.000,      0.000,        3.719,       -0.276,     -1.334
289             ,   94 14 40 ,   98 58 33,      3.772,      0.000,      0.000,        3.716,       -0.276,     -0.589
290             ,   94 14 47 ,   85 56 24,      3.731,      0.000,      0.000,        3.711,       -0.276,      0.264
291             ,   94 14 50 ,   69 49 47,      3.959,      0.000,      0.000,        3.706,       -0.275,      1.365
292             ,   94 14 48 ,   59 12 55,      4.320,      0.000,      0.000,        3.701,       -0.275,      2.211
293             ,   94 14 52 ,   49 37 43,      4.869,      0.000,      0.000,        3.699,       -0.275,      3.154
294             ,   94 14 46 ,   41 08 33,      5.635,      0.000,      0.000,        3.697,       -0.275,      4.244
295             ,   94 14 44 ,   34 19 59,      6.569,      0.000,      0.000,        3.695,       -0.274,      5.425
296             ,   94 14 45 ,   29 30 45,      7.515,      0.000,      0.000,        3.692,       -0.274,      6.540
297             ,   94 14 38 ,   26 16 33,      8.360,      0.000,      0.000,        3.691,       -0.274,      7.496
298             ,  113 09 58 ,   28 15 20,      8.496,      0.000,      0.000,        3.698,       -1.582,      7.483
299             ,  113 09 57 ,   35 45 24,      6.896,      0.000,      0.000,        3.705,       -1.585,      5.596
300             ,  113 09 57 ,   45 19 36,      5.674,      0.000,      0.000,        3.710,       -1.587,      3.989
301             ,  113 09 57 ,   53 02 00,      5.054,      0.000,      0.000,        3.712,       -1.589,      3.039
302             ,  113 09 55 ,   62 25 56,      4.559,      0.000,      0.000,        3.716,       -1.590,      2.110
303             ,  113 09 56 ,   74 45 55,      4.192,      0.000,      0.000,        3.718,       -1.591,      1.101
304             ,  112 49 50 ,   88 18 47,      4.041,      0.000,      0.000,        3.723,       -1.567,      0.119
305             ,  112 49 48 ,  101 47 24,      4.132,      0.000,      0.000,        3.728,       -1.569,     -0.844
306             ,  112 49 51 ,  108 51 28,      4.281,      0.000,      0.000,        3.734,       -1.572,     -1.384
307             ,  116 45 30 ,  107 57 46,      4.401,      0.000,      0.000,        3.738,       -1.885,     -1.357
308             ,  116 45 32 ,   95 38 03,      4.199,      0.000,      0.000,        3.731,       -1.881,     -0.412
309             ,  116 45 35 ,   84 44 49,      4.192,      0.000,      0.000,        3.727,       -1.880,      0.384
310             ,  116 45 41 ,   73 35 28,      4.346,      0.000,      0.000,        3.722,       -1.877,      1.228
311             ,  116 45 40 ,   62 18 02,      4.706,      0.000,      0.000,        3.720,       -1.876,      2.187
312             ,  116 45 37 ,   51 42 05,      5.300,      0.000,      0.000,        3.714,       -1.873,      3.285
313             ,  116 45 38 ,   43 26 26,      6.041,      0.000,      0.000,        3.709,       -1.870,      4.386
314             ,  116 45 36 ,   37 04 01,      6.890,      0.000,      0.000,        3.708,       -1.870,      5.498
315             ,  116 45 37 ,   31 41 26,      7.903,      0.000,      0.000,        3.707,       -1.869,      6.724
316             ,  116 45 33 ,   28 57 56,      8.562,      0.000,      0.000,        3.702,       -1.867,      7.491
317             ,  134 01 14 ,   34 47 59,      9.054,      0.000,      0.000,        3.716,       -3.591,      7.435
318             ,  134 02 33 ,   42 11 10,      7.697,      0.000,      0.000,        3.716,       -3.594,      5.704
319             ,  133 58 53 ,   48 10 15,      6.933,      0.000,      0.000,        3.717,       -3.587,      4.624
320             ,  133 51 36 ,   54 47 32,      6.315,      0.000,      0.000,        3.720,       -3.575,      3.641
321             ,  133 51 35 ,   60 20 32,      5.942,      0.000,      0.000,        3.723,       -3.578,      2.940
322             ,  133 51 35 ,   68 39 23,      5.548,      0.000,      0.000,        3.726,       -3.581,      2.019
323             ,  133 47 33 ,   75 45 23,      5.331,      0.000,      0.000,        3.730,       -3.576,      1.312
324             ,  133 46 02 ,   84 12 14,      5.193,      0.000,      0.000,        3.731,       -3.574,      0.524
325             ,  133 44 46 ,   92 22 12,      5.170,      0.000,      0.000,        3.732,       -3.572,     -0.214
326             ,  133 41 57 ,  104 54 10,      5.345,      0.000,      0.000,        3.734,       -3.568,     -1.375
327             ,  151 53 01 ,  104 54 06,      5.459,      0.000,      0.000,        2.486,       -4.653,     -1.404
328             ,  151 53 03 ,   94 16 53,      5.300,      0.000,      0.000,        2.491,       -4.662,     -0.396
329             ,  151 53 00 ,   81 01 04,      5.362,      0.000,      0.000,        2.496,       -4.671,      0.837
330             ,  151 53 06 ,   66 30 27,      5.792,      0.000,      0.000,        2.503,       -4.685,      2.309
331             ,  151 53 08 ,   57 55 47,      6.277,      0.000,      0.000,        2.506,       -4.691,      3.333
332             ,  151 53 08 ,   50 23 02,      6.916,      0.000,      0.000,        2.510,       -4.699,      4.410
333             ,  151 53 08 ,   44 05 33,      7.670,      0.000,      0.000,        2.515,       -4.707,      5.509
334             ,  151 53 07 ,   38 45 00,      8.542,      0.000,      0.000,        2.520,       -4.716,      6.662
335             ,  151 53 10 ,   35 15 44,      9.272,      0.000,      0.000,        2.522,       -4.721,      7.571
336             ,  156 25 29 ,   34 14 13,      9.161,      0.000,      0.000,        2.061,       -4.724,      7.574
337             ,  156 25 28 ,   39 25 11,      8.096,      0.000,      0.000,        2.056,       -4.712,      6.254
338             ,  156 25 27 ,   45 34 14,      7.187,      0.000,      0.000,        2.053,       -4.704,      5.031
339             ,  156 25 26 ,   52 22 40,      6.470,      0.000,      0.000,        2.050,       -4.697,      3.950
340             ,  156 25 27 ,   59 17 51,      5.955,      0.000,      0.000,        2.048,       -4.693,      3.040
341             ,  156 25 27 ,   67 28 40,      5.535,      0.000,      0.000,        2.045,       -4.686,      2.120
342             ,  156 25 25 ,   78 39 22,      5.202,      0.000,      0.000,        2.040,       -4.674,      1.023
343             ,  156 25 26 ,   88 45 10,      5.094,      0.000,      0.000,        2.037,       -4.668,      0.111
344             ,  156 25 25 ,   95 45 52,      5.113,      0.000,      0.000,        2.035,       -4.663,     -0.514
345             ,  154 26 18 ,  105 33 54,      5.358,      0.000,      0.000,        2.227,       -4.656,     -1.438
346             ,  168 21 25 ,  106 38 59,      4.968,      0.000,      0.000,        0.961,       -4.662,     -1.423
347             ,  167 52 33 ,   91 54 36,      4.785,      0.000,      0.000,        1.004,       -4.675,     -0.159
348             ,  168 17 01 ,   80 37 51,      4.851,      0.000,      0.000,        0.972,       -4.687,      0.790
349             ,  168 17 12 ,   70 24 05,      5.087,      0.000,      0.000,        0.973,       -4.692,      1.706
350             ,  168 17 11 ,   61 32 21,      5.456,      0.000,      0.000,        0.974,       -4.697,      2.600
351             ,  168 17 13 ,   53 33 10,      5.970,      0.000,      0.000,        0.975,       -4.702,      3.547
352             ,  168 17 11 ,   47 21 22,      6.537,      0.000,      0.000,        0.976,       -4.708,      4.428
353             ,  168 16 52 ,   40 29 10,      7.420,      0.000,      0.000,        0.978,       -4.717,      5.643
354             ,  168 16 52 ,   35 35 05,      8.289,      0.000,      0.000,        0.980,       -4.723,      6.741
355             ,  168 16 56 ,   32 10 43,      9.061,      0.000,      0.000,        0.980,       -4.725,      7.670
356             ,  173 58 40 ,   31 38 29,      9.061,      0.000,      0.000,        0.499,       -4.727,      7.714
357             ,  173 58 40 ,   36 01 46,      8.069,      0.000,      0.000,        0.498,       -4.720,      6.525
358             ,  173 58 35 ,   47 06 39,      6.466,      0.000,      0.000,        0.497,       -4.711,      4.401
359             ,  174 07 45 ,   53 29 04,      5.885,      0.000,      0.000,        0.484,       -4.705,      3.502
360             ,  174 07 44 ,   61 45 48,      5.363,      0.000,      0.000,        0.483,       -4.700,      2.537
361             ,  174 07 46 ,   73 41 20,      4.917,      0.000,      0.000,        0.483,       -4.694,      1.381
362             ,  174 07 46 ,   85 00 22,      4.726,      0.000,      0.000,        0.482,       -4.683,      0.411
363             ,  175 03 31 ,   90 47 09,      4.695,      0.000,      0.000,        0.404,       -4.677,     -0.064
364             ,  175 11 16 ,  106 51 51,      4.891,      0.000,      0.000,        0.393,       -4.664,     -1.419
365             ,  188 56 20 ,  104 46 33,      4.894,      0.000,      0.000,       -0.735,       -4.675,     -1.248
366             ,  188 15 02 ,   90 45 00,      4.732,      0.000,      0.000,       -0.679,       -4.682,     -0.062
367             ,  188 15 05 ,   79 21 08,      4.819,      0.000,      0.000,       -0.680,       -4.687,      0.890
368             ,  188 15 05 ,   67 01 01,      5.157,      0.000,      0.000,       -0.681,       -4.699,      2.014
369             ,  188 15 05 ,   56 20 12,      5.712,      0.000,      0.000,       -0.682,       -4.705,      3.166
370             ,  188 15 05 ,   43 47 48,      6.881,      0.000,      0.000,       -0.684,       -4.713,      4.967
371             ,  188 15 06 ,   39 40 47,      7.464,      0.000,      0.000,       -0.684,       -4.717,      5.745
372             ,  188 15 01 ,   35 04 33,      8.303,      0.000,      0.000,       -0.685,       -4.722,      6.795
373             ,  188 15 03 ,   32 18 31,      8.934,      0.000,      0.000,       -0.685,       -4.726,      7.551
374             ,  193 04 20 ,   32 18 32,      9.066,      0.000,      0.000,       -1.096,       -4.720,      7.662
375             ,  193 04 21 ,   36 44 26,      8.090,      0.000,      0.000,       -1.095,       -4.714,      6.483
376             ,  193 04 19 ,   41 05 54,      7.354,      0.000,      0.000,       -1.093,       -4.709,      5.542
377             ,  193 04 21 ,   47 44 35,      6.526,      0.000,      0.000,       -1.092,       -4.705,      4.388
378             ,  193 04 20 ,   60 57 41,      5.519,      0.000,      0.000,       -1.091,       -4.700,      2.679
379             ,  193 04 21 ,   70 51 39,      5.101,      0.000,      0.000,       -1.090,       -4.694,      1.672
380             ,  193 04 22 ,   79 06 28,      4.896,      0.000,      0.000,       -1.088,       -4.683,      0.925
381             ,  193 04 23 ,   90 30 55,      4.804,      0.000,      0.000,       -1.087,       -4.680,     -0.043
382             ,  193 04 24 ,  104 36 39,      4.958,      0.000,      0.000,       -1.085,       -4.673,     -1.251
383             ,  205 16 20 ,  105 15 09,      5.343,      0.000,      0.000,       -2.201,       -4.661,     -1.406
384             ,  205 16 31 ,   93 51 20,      5.169,      0.000,      0.000,       -2.202,       -4.664,     -0.348
385             ,  205 16 37 ,   84 01 03,      5.191,      0.000,      0.000,       -2.204,       -4.668,      0.541
386             ,  205 16 36 ,   72 31 25,      5.429,      0.000,      0.000,       -2.211,       -4.682,      1.630
387             ,  205 16 33 ,   62 00 12,      5.871,      0.000,      0.000,       -2.213,       -4.688,      2.756
388             ,  205 16 36 ,   52 14 09,      6.569,      0.000,      0.000,       -2.217,       -4.696,      4.023
389             ,  205 16 34 ,   45 04 35,      7.345,      0.000,      0.000,       -2.221,       -4.703,      5.187
390             ,  205 16 29 ,   36 37 32,      8.746,      0.000,      0.000,       -2.228,       -4.718,      7.019
391             ,  209 36 07 ,   41 58 51,      8.144,      0.000,      0.000,       -2.691,       -4.737,      6.054
392             ,  209 36 01 ,   47 49 41,      7.326,      0.000,      0.000,       -2.682,       -4.721,      4.918
393             ,  209 35 59 ,   52 45 42,      6.800,      0.000,      0.000,       -2.674,       -4.707,      4.115
394             ,  209 36 01 ,   60 07 32,      6.230,      0.000,      0.000,       -2.668,       -4.697,      3.103
395             ,  209 35 53 ,   72 32 23,      5.657,      0.000,      0.000,       -2.665,       -4.692,      1.697
396             ,  209 35 58 ,   81 28 55,      5.445,      0.000,      0.000,       -2.660,       -4.682,      0.806
397             ,  209 35 59 ,   90 52 04,      5.370,      0.000,      0.000,       -2.652,       -4.668,     -0.081
398             ,  209 04 21 ,  103 34 54,      5.517,      0.000,      0.000,       -2.606,       -4.687,     -1.296
399             ,  199 54 09 ,  103 33 27,      5.942,      0.000,      0.000,       -1.966,       -5.431,     -1.393
400             ,  199 54 12 ,   91 53 26,      5.784,      0.000,      0.000,       -1.968,       -5.436,     -0.191
401             ,  199 54 16 ,   82 50 15,      5.833,      0.000,      0.000,       -1.970,       -5.442,      0.727
402             ,  199 54 17 ,   76 01 45,      5.970,      0.000,      0.000,       -1.972,       -5.447,      1.441
403             ,  199 29 46 ,   67 59 20,      6.237,      0.000,      0.000,       -1.930,       -5.451,      2.338
404             ,  199 29 53 ,   54 42 03,      7.100,      0.000,      0.000,       -1.934,       -5.462,      4.103
405             ,  199 29 57 ,   49 11 54,      7.660,      0.000,      0.000,       -1.935,       -5.466,      5.005
406             ,  199 29 55 ,   43 47 37,      8.384,      0.000,      0.000,       -1.937,       -5.470,      6.052
407             ,  199 29 46 ,   38 54 11,      9.246,      0.000,      0.000,       -1.938,       -5.473,      7.195
408             ,  199 29 37 ,   37 17 43,      9.589,      0.000,      0.000,       -1.939,       -5.477,      7.628
409             ,  195 42 19 ,   37 06 28,      9.420,      0.000,      0.000,       -1.538,       -5.471,      7.513
410             ,  195 42 16 ,   40 57 17,      8.668,      0.000,      0.000,       -1.538,       -5.469,      6.546
411             ,  195 42 17 ,   45 30 16,      7.962,      0.000,      0.000,       -1.537,       -5.467,      5.580
412             ,  195 42 17 ,   50 18 01,      7.377,      0.000,      0.000,       -1.536,       -5.464,      4.712
413             ,  195 42 17 ,   63 00 17,      6.362,      0.000,      0.000,       -1.534,       -5.457,      2.888
414             ,  195 42 19 ,   70 52 09,      5.995,      0.000,      0.000,       -1.533,       -5.453,      1.965
415             ,  195 42 16 ,   79 47 40,      5.753,      0.000,      0.000,       -1.533,       -5.451,      1.019
416             ,  195 42 17 ,   87 09 46,      5.665,      0.000,      0.000,       -1.531,       -5.446,      0.280
417             ,  195 42 19 ,   92 17 15,      5.658,      0.000,      0.000,       -1.530,       -5.443,     -0.226
418             ,  195 55 53 ,  103 56 14,      5.827,      0.000,      0.000,       -1.552,       -5.439,     -1.404
419             ,  183 37 45 ,   95 49 06,      5.485,      0.000,      0.000,       -0.345,       -5.446,     -0.556
420             ,  183 37 47 ,   84 34 54,      5.489,      0.000,      0.000,       -0.346,       -5.453,      0.518
421             ,  183 37 43 ,   73 22 12,      5.714,      0.000,      0.000,       -0.346,       -5.464,      1.635
422             ,  183 37 43 ,   62 42 32,      6.164,      0.000,      0.000,       -0.347,       -5.467,      2.826
423             ,  183 37 41 ,   54 38 53,      6.720,      0.000,      0.000,       -0.347,       -5.470,      3.888
424             ,  183 37 42 ,   49 41 47,      7.196,      0.000,      0.000,       -0.347,       -5.477,      4.655
425             ,  183 26 58 ,   40 27 08,      8.466,      0.000,      0.000,       -0.331,       -5.483,      6.442
426             ,  183 11 17 ,   36 08 43,      9.326,      0.000,      0.000,       -0.306,       -5.493,      7.531
427             ,  178 18 56 ,   36 38 55,      9.192,      0.000,      0.000,        0.161,       -5.485,      7.375
428             ,  178 18 53 ,   45 11 52,      7.721,      0.000,      0.000,        0.161,       -5.476,      5.441
429             ,  178 18 52 ,   53 26 29,      6.811,      0.000,      0.000,        0.161,       -5.469,      4.057
430             ,  178 18 53 ,   62 14 04,      6.176,      0.000,      0.000,        0.161,       -5.463,      2.877
431             ,  178 18 55 ,   71 42 41,      5.749,      0.000,      0.000,        0.160,       -5.457,      1.804
432             ,  178 18 50 ,   80 23 42,      5.532,      0.000,      0.000,        0.160,       -5.452,      0.923
433             ,  178 18 50 ,   89 19 17,      5.447,      0.000,      0.000,        0.160,       -5.444,      0.064
434             ,  178 18 54 ,   95 15 49,      5.466,      0.000,      0.000,        0.160,       -5.440,     -0.501
435             ,  166 52 33 ,   95 15 39,      5.604,      0.000,      0.000,        1.267,       -5.435,     -0.514
436             ,  166 52 37 ,   85 21 57,      5.607,      0.000,      0.000,        1.269,       -5.443,      0.453
437             ,  166 52 38 ,   73 27 33,      5.842,      0.000,      0.000,        1.271,       -5.454,      1.663
438             ,  166 52 39 ,   63 40 01,      6.253,      0.000,      0.000,        1.272,       -5.458,      2.774
439             ,  166 52 36 ,   55 04 44,      6.845,      0.000,      0.000,        1.274,       -5.466,      3.919
440             ,  166 52 38 ,   46 17 09,      7.784,      0.000,      0.000,        1.277,       -5.480,      5.379
441             ,  166 43 25 ,   36 24 20,      9.506,      0.000,      0.000,        1.296,       -5.491,      7.651
442             ,  162 07 12 ,   37 35 43,      9.453,      0.000,      0.000,        1.771,       -5.489,      7.490
443             ,  162 07 15 ,   45 02 04,      8.137,      0.000,      0.000,        1.768,       -5.479,      5.750
444             ,  162 07 14 ,   50 47 23,      7.419,      0.000,      0.000,        1.765,       -5.471,      4.690
445             ,  162 07 14 ,   57 08 20,      6.834,      0.000,      0.000,        1.762,       -5.463,      3.708
446             ,  162 07 15 ,   65 41 40,      6.291,      0.000,      0.000,        1.760,       -5.456,      2.589
447             ,  162 07 14 ,   74 28 11,      5.943,      0.000,      0.000,        1.758,       -5.449,      1.591
448             ,  162 07 14 ,   81 40 10,      5.778,      0.000,      0.000,        1.755,       -5.441,      0.837
449             ,  162 07 15 ,   95 46 41,      5.734,      0.000,      0.000,        1.752,       -5.430,     -0.577
450             ,  150 25 37 ,   94 38 55,      6.260,      0.000,      0.000,        3.080,       -5.427,     -0.507
451             ,  150 25 43 ,   82 20 41,      6.304,      0.000,      0.000,        3.083,       -5.434,      0.840
452             ,  150 25 44 ,   72 39 18,      6.555,      0.000,      0.000,        3.088,       -5.442,      1.954
453             ,  150 25 42 ,   64 11 01,      6.959,      0.000,      0.000,        3.092,       -5.449,      3.031
454             ,  150 25 45 ,   56 51 38,      7.492,      0.000,      0.000,        3.096,       -5.456,      4.096
455             ,  150 25 44 ,   49 07 17,      8.307,      0.000,      0.000,        3.100,       -5.463,      5.437
456             ,  150 25 45 ,   44 02 45,      9.053,      0.000,      0.000,        3.106,       -5.474,      6.507
457             ,  150 25 39 ,   39 14 01,      9.963,      0.000,      0.000,        3.110,       -5.481,      7.717
458             ,  148 41 46 ,   39 47 09,     10.005,      0.000,      0.000,        3.326,       -5.470,      7.688
459             ,  148 41 48 ,   45 45 59,      8.924,      0.000,      0.000,        3.322,       -5.464,      6.226
460             ,  148 41 48 ,   52 11 12,      8.079,      0.000,      0.000,        3.316,       -5.454,      4.953
461             ,  148 41 47 ,   58 43 04,      7.461,      0.000,      0.000,        3.313,       -5.448,      3.874
462             ,  148 41 48 ,   67 58 57,      6.869,      0.000,      0.000,        3.308,       -5.441,      2.575
463             ,  148 41 48 ,   77 40 36,      6.510,      0.000,      0.000,        3.304,       -5.434,      1.389
464             ,  148 41 48 ,   87 17 45,      6.362,      0.000,      0.000,        3.302,       -5.429,      0.300
465             ,  148 41 48 ,   95 36 56,      6.380,      0.000,      0.000,        3.299,       -5.425,     -0.624
466             ,   17 16 11 ,   44 41 02,     11.069,      0.000,      0.000,        2.311,        7.433,      7.870
467             ,    3 47 52 ,   42 43 02,     10.719,      0.000,      0.000,        0.482,        7.256,      7.875
468             ,  351 56 29 ,   43 16 59,     10.832,      0.000,      0.000,       -1.041,        7.353,      7.886
469             ,  342 27 51 ,   38 15 02,     10.025,      0.000,      0.000,       -1.870,        5.918,      7.872
470             ,  353 20 58 ,   36 51 38,      9.838,      0.000,      0.000,       -0.683,        5.862,      7.871
471             ,    4 35 02 ,   36 51 22,      9.828,      0.000,      0.000,        0.471,        5.876,      7.864
472             ,   18 09 04 ,   36 51 24,      9.817,      0.000,      0.000,        1.834,        5.596,      7.855
473             ,   27 00 42 ,   36 51 23,      9.823,      0.000,      0.000,        2.676,        5.249,      7.860
474             ,   36 07 54 ,   31 09 25,      9.166,      0.000,      0.000,        2.796,        3.830,      7.844
475             ,   19 30 07 ,   27 51 58,      8.875,      0.000,      0.000,        1.385,        3.910,      7.846
476             ,  357 29 03 ,   26 43 24,      8.795,      0.000,      0.000,       -0.174,        3.951,      7.855
477             ,  333 31 43 ,   28 18 13,      8.930,      0.000,      0.000,       -1.887,        3.790,      7.862
478             ,  318 20 52 ,   19 57 40,      8.356,      0.000,      0.000,       -1.896,        2.131,      7.854
479             ,  342 15 36 ,   15 28 00,      8.148,      0.000,      0.000,       -0.662,        2.070,      7.853
480             ,   14 13 51 ,   15 28 06,      8.144,      0.000,      0.000,        0.534,        2.106,      7.849
481             ,   40 47 54 ,   18 59 18,      8.295,      0.000,      0.000,        1.764,        2.043,      7.843
482             ,   53 56 20 ,   23 22 08,      8.544,      0.000,      0.000,        2.740,        1.995,      7.843
483             ,   63 19 18 ,   23 16 12,      8.529,      0.000,      0.000,        3.011,        1.513,      7.835
484             ,   76 17 16 ,   18 56 52,      8.285,      0.000,      0.000,        2.613,        0.638,      7.836
485             ,   64 06 57 ,   10 43 34,      7.975,      0.000,      0.000,        1.335,        0.648,      7.836
486             ,   22 19 25 ,    5 05 10,      7.868,      0.000,      0.000,        0.265,        0.645,      7.837
487             ,  302 37 45 ,    7 42 17,      7.911,      0.000,      0.000,       -0.893,        0.572,      7.840
488             ,  283 20 33 ,   13 04 23,      8.051,      0.000,      0.000,       -1.772,        0.420,      7.843
489             ,  241 26 37 ,   15 01 18,      8.118,      0.000,      0.000,       -1.848,       -1.006,      7.841
490             ,  218 40 39 ,   10 38 21,      7.971,      0.000,      0.000,       -0.920,       -1.149,      7.834
491             ,  174 59 46 ,    9 37 29,      7.945,      0.000,      0.000,        0.116,       -1.323,      7.833
492             ,  135 39 50 ,   13 45 06,      8.064,      0.000,      0.000,        1.340,       -1.371,      7.833
493             ,  120 21 51 ,   19 42 40,      8.317,      0.000,      0.000,        2.420,       -1.418,      7.830
494             ,  120 05 52 ,   24 37 43,      8.608,      0.000,      0.000,        3.103,       -1.799,      7.825
495             ,  138 21 29 ,   29 32 56,      8.988,      0.000,      0.000,        2.945,       -3.313,      7.819
496             ,  148 06 56 ,   27 22 57,      8.802,      0.000,      0.000,        2.138,       -3.438,      7.816
497             ,  159 52 25 ,   25 02 37,      8.636,      0.000,      0.000,        1.258,       -3.432,      7.824
498             ,  178 39 38 ,   23 27 46,      8.529,      0.000,      0.000,        0.079,       -3.395,      7.824
499             ,  208 58 43 ,   26 40 56,      8.761,      0.000,      0.000,       -1.906,       -3.442,      7.828
500             ,  202 20 59 ,   32 25 41,      9.266,      0.000,      0.000,       -1.889,       -4.596,      7.821
501             ,  188 54 26 ,   30 06 12,      9.038,      0.000,      0.000,       -0.702,       -4.478,      7.819
502             ,  180 24 14 ,   32 01 02,      9.221,      0.000,      0.000,       -0.034,       -4.889,      7.818
503             ,  161 55 53 ,   33 06 39,      9.321,      0.000,      0.000,        1.579,       -4.841,      7.808
504             ,  148 25 25 ,   34 55 49,      9.524,      0.000,      0.000,        2.856,       -4.646,      7.809
505             ,   23 57 35 ,  101 13 06,      7.350,      0.000,      0.000,        2.928,        6.589,     -1.430
506             ,   18 25 57 ,  101 12 56,      7.384,      0.000,      0.000,        2.290,        6.872,     -1.436
507             ,   13 22 42 ,  101 52 51,      6.969,      0.000,      0.000,        1.578,        6.634,     -1.435
508             ,    4 57 55 ,  101 52 52,      6.984,      0.000,      0.000,        0.592,        6.809,     -1.438
509             ,  352 06 47 ,  102 05 32,      6.854,      0.000,      0.000,       -0.920,        6.638,     -1.436
510             ,  344 10 18 ,  101 31 45,      7.173,      0.000,      0.000,       -1.917,        6.762,     -1.434
511             ,  340 29 15 ,  103 42 14,      6.087,      0.000,      0.000,       -1.975,        5.574,     -1.442
512             ,  349 59 39 ,  105 19 20,      5.491,      0.000,      0.000,       -0.920,        5.215,     -1.451
513             ,    1 26 49 ,  105 47 03,      5.336,      0.000,      0.000,        0.130,        5.133,     -1.451
514             ,   12 23 35 ,  105 46 46,      5.312,      0.000,      0.000,        1.097,        4.993,     -1.445
515             ,   22 32 42 ,  104 19 56,      5.819,      0.000,      0.000,        2.162,        5.207,     -1.440
516             ,   28 01 30 ,  103 28 32,      6.167,      0.000,      0.000,        2.818,        5.294,     -1.437
517             ,   35 11 47 ,  106 23 38,      5.109,      0.000,      0.000,        2.825,        4.005,     -1.442
518             ,   30 21 59 ,  108 08 00,      4.652,      0.000,      0.000,        2.235,        3.814,     -1.448
519             ,   17 37 10 ,  111 07 20,      4.030,      0.000,      0.000,        1.138,        3.583,     -1.452
520             ,    3 35 58 ,  112 00 43,      3.889,      0.000,      0.000,        0.226,        3.598,     -1.458
521             ,  346 43 53 ,  110 55 30,      4.087,      0.000,      0.000,       -0.876,        3.715,     -1.460
522             ,  334 42 10 ,  109 32 57,      4.358,      0.000,      0.000,       -1.755,        3.713,     -1.458
523             ,  322 52 41 ,  113 27 36,      3.665,      0.000,      0.000,       -2.029,        2.681,     -1.459
524             ,  338 09 37 ,  118 00 58,      3.111,      0.000,      0.000,       -1.022,        2.549,     -1.461
525             ,    4 16 42 ,  119 11 15,      3.001,      0.000,      0.000,        0.195,        2.612,     -1.463
526             ,   26 17 43 ,  118 07 56,      3.085,      0.000,      0.000,        1.205,        2.439,     -1.455
527             ,   42 40 51 ,  114 12 47,      3.536,      0.000,      0.000,        2.186,        2.371,     -1.450
528             ,   50 26 54 ,  111 50 25,      3.894,      0.000,      0.000,        2.787,        2.302,     -1.449
529             ,   74 39 27 ,  116 40 09,      3.242,      0.000,      0.000,        2.794,        0.767,     -1.455
530             ,   71 45 21 ,  121 47 26,      2.761,      0.000,      0.000,        2.229,        0.735,     -1.455
531             ,   60 57 20 ,  135 42 46,      2.040,      0.000,      0.000,        1.246,        0.692,     -1.461
532             ,   16 40 46 ,  148 24 20,      1.722,      0.000,      0.000,        0.259,        0.864,     -1.467
533             ,  308 18 30 ,  141 50 45,      1.860,      0.000,      0.000,       -0.902,        0.712,     -1.463
534             ,  292 29 59 ,  127 34 55,      2.388,      0.000,      0.000,       -1.748,        0.724,     -1.456
535             ,  286 36 22 ,  119 50 24,      2.934,      0.000,      0.000,       -2.439,        0.727,     -1.460
536             ,  260 44 30 ,  120 28 59,      2.886,      0.000,      0.000,       -2.455,       -0.400,     -1.464
537             ,  240 30 03 ,  131 41 37,      2.206,      0.000,      0.000,       -1.434,       -0.811,     -1.467
538             ,  201 23 12 ,  146 23 30,      1.768,      0.000,      0.000,       -0.357,       -0.911,     -1.472
539             ,  140 17 33 ,  142 17 36,      1.857,      0.000,      0.000,        0.726,       -0.874,     -1.469
540             ,  111 56 52 ,  127 05 56,      2.423,      0.000,      0.000,        1.793,       -0.722,     -1.462
541             ,  102 06 25 ,  116 56 18,      3.215,      0.000,      0.000,        2.803,       -0.601,     -1.457
542             ,  127 14 50 ,  112 02 37,      3.905,      0.000,      0.000,        2.881,       -2.191,     -1.465
543             ,  133 36 45 ,  114 53 03,      3.482,      0.000,      0.000,        2.287,       -2.179,     -1.465
544             ,  149 28 29 ,  119 17 26,      2.999,      0.000,      0.000,        1.328,       -2.253,     -1.467
545             ,  174 34 53 ,  123 23 42,      2.681,      0.000,      0.000,        0.211,       -2.228,     -1.476
546             ,  200 16 06 ,  120 32 02,      2.906,      0.000,      0.000,       -0.867,       -2.348,     -1.476
547             ,  215 50 26 ,  116 18 48,      3.338,      0.000,      0.000,       -1.752,       -2.426,     -1.480
548             ,  223 21 43 ,  112 48 06,      3.813,      0.000,      0.000,       -2.413,       -2.555,     -1.478
549             ,  210 33 44 ,  107 14 36,      4.993,      0.000,      0.000,       -2.425,       -4.106,     -1.480
550             ,  197 00 35 ,  108 34 01,      4.659,      0.000,      0.000,       -1.292,       -4.223,     -1.483
551             ,  184 17 16 ,  108 33 50,      4.679,      0.000,      0.000,       -0.332,       -4.423,     -1.490
552             ,  166 44 19 ,  108 33 48,      4.634,      0.000,      0.000,        1.008,       -4.276,     -1.475
553             ,  157 53 29 ,  107 14 35,      4.977,      0.000,      0.000,        1.789,       -4.404,     -1.475
554             ,  151 27 25 ,  106 03 21,      5.339,      0.000,      0.000,        2.452,       -4.507,     -1.477
555             ,  147 54 03 ,  105 13 34,      5.613,      0.000,      0.000,        2.878,       -4.588,     -1.474
556             ,  339 35 37 ,   94 46 47,      8.201,      0.000,      0.000,       -2.850,        7.660,     -0.683
557             ,  336 32 05 ,   95 30 21,      7.161,      0.000,      0.000,       -2.838,        6.539,     -0.687
558             ,  332 59 05 ,   96 20 31,      6.278,      0.000,      0.000,       -2.834,        5.559,     -0.694
559             ,  327 47 55 ,   97 23 53,      5.358,      0.000,      0.000,       -2.831,        4.496,     -0.690
560             ,  321 55 00 ,   99 03 16,      4.634,      0.000,      0.000,       -2.823,        3.602,     -0.729
561             ,  312 32 29 ,  100 45 14,      3.900,      0.000,      0.000,       -2.823,        2.591,     -0.728
562             ,  339 54 24 ,   95 54 58,      8.216,      0.000,      0.000,       -2.807,        7.675,     -0.847
563             ,  337 08 07 ,   96 56 47,      7.242,      0.000,      0.000,       -2.793,        6.624,     -0.876
564             ,  329 41 56 ,   98 49 36,      5.601,      0.000,      0.000,       -2.792,        4.778,     -0.859
565             ,  318 25 47 ,  101 48 40,      4.287,      0.000,      0.000,       -2.785,        3.140,     -0.878
566             ,  299 52 43 ,  113 26 02,      3.358,      0.000,      0.000,       -2.671,        1.535,     -1.335
567             ,  303 53 06 ,  113 24 04,      3.491,      0.000,      0.000,       -2.659,        1.786,     -1.386
568             ,  298 48 16 ,  111 30 11,      3.312,      0.000,      0.000,       -2.700,        1.485,     -1.214
569             ,  289 27 55 ,  108 51 00,      3.078,      0.000,      0.000,       -2.747,        0.971,     -0.995
570             ,  278 25 17 ,  109 51 08,      2.945,      0.000,      0.000,       -2.740,        0.406,     -1.000
571             ,  265 14 19 ,  109 51 09,      2.927,      0.000,      0.000,       -2.744,       -0.229,     -0.994
572             ,  246 43 55 ,  108 19 03,      3.041,      0.000,      0.000,       -2.652,       -1.140,     -0.956
573             ,  243 35 38 ,  108 11 58,      3.217,      0.000,      0.000,       -2.738,       -1.359,     -1.005
574             ,  234 43 25 ,  107 30 50,      3.499,      0.000,      0.000,       -2.724,       -1.927,     -1.053
575             ,  227 35 43 ,  105 13 31,      3.839,      0.000,      0.000,       -2.735,       -2.498,     -1.008
576             ,  222 18 24 ,  104 04 41,      4.186,      0.000,      0.000,       -2.733,       -3.003,     -1.018
577             ,  217 15 37 ,  102 44 21,      4.619,      0.000,      0.000,       -2.727,       -3.585,     -1.018
578             ,  211 05 42 ,  102 25 43,      5.345,      0.000,      0.000,       -2.696,       -4.470,     -1.150
579             ,  211 05 44 ,  105 10 12,      5.302,      0.000,      0.000,       -2.643,       -4.382,     -1.387
580             ,  217 16 41 ,  107 54 03,      4.570,      0.000,      0.000,       -2.634,       -3.460,     -1.405
581             ,  225 23 10 ,  110 31 35,      3.966,      0.000,      0.000,       -2.644,       -2.609,     -1.391
582             ,  236 42 07 ,  113 26 50,      3.451,      0.000,      0.000,       -2.646,       -1.738,     -1.373
583             ,  260 39 13 ,  117 15 03,      3.023,      0.000,      0.000,       -2.651,       -0.436,     -1.384
584             ,  273 59 58 ,  117 13 59,      2.988,      0.000,      0.000,       -2.651,        0.185,     -1.367
585             ,  288 07 52 ,  115 54 02,      3.106,      0.000,      0.000,       -2.655,        0.869,     -1.357
586             ,  339 24 44 ,   93 01 44,      8.160,      0.000,      0.000,       -2.865,        7.628,     -0.431
587             ,  339 24 47 ,   85 34 26,      8.167,      0.000,      0.000,       -2.863,        7.622,      0.630
588             ,  339 24 48 ,   81 03 45,      8.244,      0.000,      0.000,       -2.864,        7.624,      1.281
589             ,  339 24 48 ,   75 12 26,      8.424,      0.000,      0.000,       -2.864,        7.624,      2.151
590             ,  339 24 51 ,   71 31 39,      8.566,      0.000,      0.000,       -2.857,        7.606,      2.714
591             ,  339 24 50 ,   65 27 00,      8.922,      0.000,      0.000,       -2.854,        7.597,      3.707
592             ,  339 24 56 ,   62 44 14,      9.118,      0.000,      0.000,       -2.850,        7.588,      4.177
593             ,  339 24 59 ,   60 04 33,      9.346,      0.000,      0.000,       -2.848,        7.583,      4.662
594             ,  339 24 54 ,   57 42 29,      9.594,      0.000,      0.000,       -2.852,        7.593,      5.126
595             ,  339 24 33 ,   53 04 56,     10.179,      0.000,      0.000,       -2.862,        7.618,      6.114
596             ,  336 10 22 ,   49 17 04,      9.329,      0.000,      0.000,       -2.856,        6.468,      6.085
597             ,  335 33 43 ,   53 53 48,      8.505,      0.000,      0.000,       -2.843,        6.256,      5.012
598             ,  335 33 52 ,   57 15 21,      8.150,      0.000,      0.000,       -2.836,        6.241,      4.408
599             ,  335 33 44 ,   59 18 33,      7.977,      0.000,      0.000,       -2.838,        6.245,      4.071
600             ,  335 33 48 ,   62 25 27,      7.747,      0.000,      0.000,       -2.841,        6.252,      3.586
601             ,  335 33 51 ,   69 25 58,      7.346,      0.000,      0.000,       -2.845,        6.262,      2.581
602             ,  335 33 52 ,   74 27 38,      7.147,      0.000,      0.000,       -2.848,        6.269,      1.915
603             ,  335 33 49 ,   80 37 07,      6.983,      0.000,      0.000,       -2.850,        6.272,      1.138
604             ,  335 33 52 ,   85 28 45,      6.906,      0.000,      0.000,       -2.848,        6.268,      0.544
605             ,  335 33 51 ,   93 26 09,      6.915,      0.000,      0.000,       -2.856,        6.285,     -0.414
606             ,  328 37 31 ,   95 06 29,      5.488,      0.000,      0.000,       -2.846,        4.667,     -0.489
607             ,  328 37 18 ,   85 15 19,      5.473,      0.000,      0.000,       -2.840,        4.656,      0.453
608             ,  328 37 19 ,   77 00 57,      5.599,      0.000,      0.000,       -2.841,        4.658,      1.258
609             ,  328 37 20 ,   69 17 29,      5.831,      0.000,      0.000,       -2.840,        4.657,      2.062
610             ,  328 37 19 ,   62 49 41,      6.125,      0.000,      0.000,       -2.837,        4.652,      2.797
611             ,  328 37 20 ,   56 02 28,      6.564,      0.000,      0.000,       -2.835,        4.648,      3.667
612             ,  328 37 18 ,   52 22 16,      6.871,      0.000,      0.000,       -2.834,        4.646,      4.195
613             ,  328 37 17 ,   49 34 29,      7.135,      0.000,      0.000,       -2.828,        4.637,      4.627
614             ,  328 37 17 ,   46 19 51,      7.537,      0.000,      0.000,       -2.839,        4.655,      5.205
615             ,  328 37 18 ,   42 35 38,      8.079,      0.000,      0.000,       -2.847,        4.668,      5.947
616             ,  319 39 17 ,   35 56 57,      7.493,      0.000,      0.000,       -2.848,        3.353,      6.066
617             ,  319 39 10 ,   40 39 47,      6.711,      0.000,      0.000,       -2.831,        3.333,      5.091
618             ,  319 39 23 ,   43 59 19,      6.276,      0.000,      0.000,       -2.822,        3.322,      4.515
619             ,  319 39 17 ,   49 30 28,      5.748,      0.000,      0.000,       -2.830,        3.332,      3.733
620             ,  319 39 24 ,   55 30 54,      5.308,      0.000,      0.000,       -2.832,        3.335,      3.005
621             ,  319 39 21 ,   62 55 54,      4.917,      0.000,      0.000,       -2.835,        3.337,      2.238
622             ,  319 39 23 ,   70 39 55,      4.640,      0.000,      0.000,       -2.834,        3.337,      1.536
623             ,  319 39 20 ,   76 50 46,      4.499,      0.000,      0.000,       -2.836,        3.339,      1.024
624             ,  319 39 21 ,   82 46 22,      4.418,      0.000,      0.000,       -2.838,        3.341,      0.556
625             ,  319 39 24 ,   96 04 43,      4.416,      0.000,      0.000,       -2.842,        3.347,     -0.468
626             ,  301 46 49 ,   96 53 25,      3.357,      0.000,      0.000,       -2.833,        1.755,     -0.403
627             ,  301 46 53 ,   80 58 46,      3.368,      0.000,      0.000,       -2.828,        1.752,      0.528
628             ,  301 46 52 ,   70 52 18,      3.523,      0.000,      0.000,       -2.829,        1.753,      1.154
629             ,  301 46 50 ,   57 12 29,      3.956,      0.000,      0.000,       -2.827,        1.751,      2.142
630             ,  301 46 46 ,   50 30 07,      4.309,      0.000,      0.000,       -2.827,        1.751,      2.741
631             ,  301 46 49 ,   42 41 47,      4.897,      0.000,      0.000,       -2.823,        1.749,      3.599
632             ,  301 46 43 ,   37 08 45,      5.477,      0.000,      0.000,       -2.811,        1.742,      4.366
633             ,  301 46 41 ,   32 15 12,      6.223,      0.000,      0.000,       -2.823,        1.749,      5.263
634             ,  301 46 51 ,   28 35 41,      6.975,      0.000,      0.000,       -2.838,        1.758,      6.124
635             ,  279 34 14 ,   25 23 41,      6.689,      0.000,      0.000,       -2.828,        0.477,      6.042
636             ,  279 34 14 ,   29 11 46,      5.854,      0.000,      0.000,       -2.816,        0.475,      5.110
637             ,  279 34 11 ,   33 42 47,      5.127,      0.000,      0.000,       -2.806,        0.473,      4.264
638             ,  279 34 09 ,   39 05 57,      4.523,      0.000,      0.000,       -2.813,        0.474,      3.510
639             ,  279 34 10 ,   47 50 47,      3.851,      0.000,      0.000,       -2.815,        0.475,      2.584
640             ,  279 34 11 ,   55 29 44,      3.468,      0.000,      0.000,       -2.818,        0.475,      1.964
641             ,  279 34 11 ,   69 44 00,      3.049,      0.000,      0.000,       -2.821,        0.476,      1.056
642             ,  279 34 13 ,   81 06 27,      2.897,      0.000,      0.000,       -2.822,        0.476,      0.448
643             ,  279 34 13 ,   97 38 22,      2.891,      0.000,      0.000,       -2.825,        0.476,     -0.384
644             ,  246 53 07 ,   97 37 58,      3.094,      0.000,      0.000,       -2.820,       -1.204,     -0.411
645             ,  246 53 12 ,   79 42 32,      3.109,      0.000,      0.000,       -2.813,       -1.201,      0.555
646             ,  246 53 09 ,   68 56 12,      3.275,      0.000,      0.000,       -2.811,       -1.200,      1.177
647             ,  246 53 10 ,   55 27 52,      3.705,      0.000,      0.000,       -2.807,       -1.198,      2.100
648             ,  246 53 06 ,   48 26 05,      4.070,      0.000,      0.000,       -2.801,       -1.196,      2.701
649             ,  246 53 11 ,   40 18 05,      4.705,      0.000,      0.000,       -2.799,       -1.195,      3.588
650             ,  246 53 09 ,   34 41 09,      5.336,      0.000,      0.000,       -2.793,       -1.192,      4.388
651             ,  246 53 11 ,   30 46 11,      5.959,      0.000,      0.000,       -2.804,       -1.197,      5.120
652             ,  246 53 10 ,   27 12 02,      6.695,      0.000,      0.000,       -2.815,       -1.201,      5.954
653             ,  227 44 39 ,   32 19 59,      7.098,      0.000,      0.000,       -2.810,       -2.553,      5.998
654             ,  227 44 40 ,   36 09 02,      6.411,      0.000,      0.000,       -2.799,       -2.543,      5.176
655             ,  227 44 39 ,   40 55 50,      5.752,      0.000,      0.000,       -2.789,       -2.534,      4.345
656             ,  227 44 41 ,   47 14 28,      5.141,      0.000,      0.000,       -2.794,       -2.538,      3.491
657             ,  227 44 43 ,   55 32 32,      4.580,      0.000,      0.000,       -2.795,       -2.539,      2.591
658             ,  227 44 43 ,   62 32 45,      4.263,      0.000,      0.000,       -2.800,       -2.544,      1.965
659             ,  229 08 11 ,   74 31 23,      3.850,      0.000,      0.000,       -2.806,       -2.428,      1.027
660             ,  226 13 20 ,   82 15 10,      3.921,      0.000,      0.000,       -2.805,       -2.688,      0.529
661             ,  223 48 28 ,   93 37 05,      4.068,      0.000,      0.000,       -2.811,       -2.930,     -0.257
662             ,  212 28 25 ,   93 36 54,      5.229,      0.000,      0.000,       -2.802,       -4.403,     -0.330
663             ,  212 28 27 ,   83 13 09,      5.249,      0.000,      0.000,       -2.798,       -4.397,      0.620
664             ,  212 28 26 ,   78 11 48,      5.321,      0.000,      0.000,       -2.797,       -4.394,      1.089
665             ,  212 28 30 ,   71 51 03,      5.475,      0.000,      0.000,       -2.793,       -4.389,      1.705
666             ,  212 28 30 ,   62 19 55,      5.861,      0.000,      0.000,       -2.787,       -4.379,      2.721
667             ,  212 28 25 ,   56 47 24,      6.199,      0.000,      0.000,       -2.785,       -4.376,      3.395
668             ,  212 28 29 ,   49 45 13,      6.787,      0.000,      0.000,       -2.781,       -4.370,      4.385
669             ,  212 28 23 ,   45 20 36,      7.311,      0.000,      0.000,       -2.792,       -4.388,      5.139
670             ,  212 28 31 ,   41 06 25,      7.948,      0.000,      0.000,       -2.806,       -4.408,      5.988
671             ,  210 26 11 ,   38 43 49,      8.396,      0.000,      0.000,       -2.661,       -4.529,      6.549
672             ,  204 39 17 ,   33 17 08,      9.201,      0.000,      0.000,       -2.106,       -4.589,      7.691
673             ,  218 55 14 ,   23 51 35,      8.389,      0.000,      0.000,       -2.132,       -2.640,      7.672
674             ,  227 39 32 ,   29 58 19,      7.406,      0.000,      0.000,       -2.735,       -2.492,      6.416
675             ,  243 22 40 ,   24 59 35,      7.159,      0.000,      0.000,       -2.704,       -1.355,      6.488
676             ,  243 25 06 ,   17 22 36,      8.033,      0.000,      0.000,       -2.146,       -1.074,      7.666
677             ,  279 10 18 ,   16 01 23,      7.951,      0.000,      0.000,       -2.167,        0.350,      7.642
678             ,  279 10 11 ,   23 39 44,      6.984,      0.000,      0.000,       -2.767,        0.447,      6.396
679             ,  309 01 22 ,   28 39 43,      7.380,      0.000,      0.000,       -2.750,        2.229,      6.475
680             ,  313 48 58 ,   21 14 30,      8.253,      0.000,      0.000,       -2.157,        2.070,      7.692
681             ,  329 12 18 ,   28 41 30,      8.785,      0.000,      0.000,       -2.159,        3.623,      7.706
682             ,  322 55 24 ,   35 18 26,      7.929,      0.000,      0.000,       -2.763,        3.656,      6.471
683             ,  327 34 20 ,   39 10 49,      8.260,      0.000,      0.000,       -2.798,        4.405,      6.403
684             ,  334 25 07 ,   33 04 03,      9.198,      0.000,      0.000,       -2.167,        4.527,      7.709
685             ,  338 57 52 ,   38 58 49,      9.819,      0.000,      0.000,       -2.217,        5.765,      7.633
686             ,  335 09 10 ,   45 39 21,      9.257,      0.000,      0.000,       -2.782,        6.008,      6.470
687             ,  339 44 22 ,   50 57 11,     10.314,      0.000,      0.000,       -2.774,        7.514,      6.497
688             ,  342 45 50 ,   43 14 28,     10.636,      0.000,      0.000,       -2.159,        6.959,      7.748
689             ,  339 18 54 ,   44 10 42,      9.963,      0.000,      0.000,       -2.453,        6.496,      7.145
690             ,  328 55 59 ,   34 26 52,      8.529,      0.000,      0.000,       -2.490,        4.133,      7.033
691             ,  314 46 16 ,   26 44 46,      7.820,      0.000,      0.000,       -2.498,        2.478,      6.983
692             ,  285 40 45 ,   19 43 39,      7.504,      0.000,      0.000,       -2.439,        0.685,      7.063
693             ,  252 56 55 ,   19 43 29,      7.517,      0.000,      0.000,       -2.426,       -0.744,      7.076
694             ,  225 03 31 ,   25 33 26,      7.872,      0.000,      0.000,       -2.404,       -2.399,      7.102
695             ,  206 33 19 ,   35 15 55,      8.925,      0.000,      0.000,       -2.304,       -4.609,      7.287
696             ,  269 56 27 ,   86 49 43,      2.825,      0.000,      0.000,       -2.821,       -0.003,      0.156
697             ,    6 29 38 ,  133 58 33,      2.093,      0.000,      0.000,        0.170,        1.496,     -1.453
