CHECKING DISTANT FROM POINTS TO AVERAGE PLANE TO REMOVE INCORRECT POINT. 

Distant of points(mm) belongs the plane 0 (45 points): 
11.69(464), 10.39(468),  8.76(491),  7.68(477),  6.94(482),  6.68(490),  6.52(474),  6.45(469),  6.36(479),  5.72(489),  4.70(483),  4.69(500),  4.43(467),  4.40(505),  4.33(472),  4.28(494),  4.22(473),  4.14(466),  3.80(465),  3.69(501),  3.53(493),  3.19(496),  2.90(476),  2.76(502),  2.53(498),  2.46(485),  2.41(471),  2.35(484),  2.23(480),  2.23(497),  1.79(488),  1.74(507),  1.67(487),  1.57(504),  1.43(503),  1.23(478),  0.92(508),  0.89(481),  0.74(499),  0.64(506),  0.35(475),  0.31(470),  0.28(486),  0.14(495),  0.05(492), 
Distant of points(mm) belongs the plane 1 (38 points): 
 8.05(426),  6.78(427),  6.27(438),  6.25(431),  4.28(432),  3.91(440),  3.90(428),  3.74(437),  3.60(430),  3.36(441),  3.00(459),  2.87(435),  2.85(454),  2.71(451),  2.68(456),  2.48(446),  2.40(449),  2.20(447),  2.08(463),  2.01(429),  1.99(457),  1.91(444),  1.68(460),  1.46(433),  1.43(452),  1.05(442),  0.97(445),  0.75(453),  0.67(461),  0.66(458),  0.58(443),  0.46(462),  0.40(436),  0.37(439),  0.22(455),  0.21(450),  0.04(448),  0.01(434), 
Distant of points(mm) belongs the plane 5 (25 points): 
 4.72(517),  3.33(525),  3.19(510),  3.01(529),  2.58(533),  2.40(530),  2.37(520),  2.17(522),  1.94(527),  1.87(526),  1.71(532),  1.32(512),  1.28(515),  1.20(513),  1.07(523),  0.99(509),  0.74(531),  0.61(528),  0.53(511),  0.45(516),  0.32(518),  0.30(519),  0.27(514),  0.25(524),  0.21(521), 
Distant of points(mm) belongs the plane 6 (87 points): 
13.40(596), 13.06(614), 12.57(616), 11.41(535), 10.81(534),  9.00(574),  8.17(536),  8.00(556),  7.75(583),  7.43(611),  7.14(609),  7.08(579),  7.00(540),  6.30(575),  6.20(565),  5.86(573),  5.74(562),  5.70(617),  5.50(594),  5.25(620),  5.14(551),  5.12(606),  4.95(550),  4.87(549),  4.87(605),  4.51(557),  4.45(584),  4.36(553),  4.34(597),  4.34(538),  4.24(613),  3.94(537),  3.79(599),  3.68(610),  3.55(555),  3.53(593),  3.44(612),  3.41(600),  3.39(590),  3.32(577),  3.26(591),  3.17(559),  3.06(541),  2.93(598),  2.74(621),  2.73(604),  2.67(603),  2.32(547),  2.08(567),  1.94(592),  1.93(542),  1.86(544),  1.85(618),  1.85(552),  1.83(572),  1.63(589),  1.51(566),  1.44(539),  1.35(588),  1.32(571),  1.25(578),  1.19(607),  1.19(595),  1.17(560),  1.15(587),  1.07(576),  1.06(580),  1.02(558),  0.99(569),  0.93(570),  0.92(615),  0.92(586),  0.76(561),  0.73(545),  0.71(582),  0.55(601),  0.52(619),  0.49(585),  0.45(608),  0.43(548),  0.40(564),  0.40(602),  0.36(563),  0.31(568),  0.07(546),  0.02(581),  0.01(554), 
Distant of points(mm) belongs the plane 7 (28 points): 
14.51(622), 11.33(647),  8.94(646),  8.35(638),  5.11(640),  4.95(649),  4.61(629),  3.53(628),  3.50(643),  3.08(623),  2.98(635),  2.88(648),  2.50(645),  2.49(627),  2.39(626),  2.19(644),  1.83(631),  1.75(637),  1.27(636),  0.94(632),  0.87(639),  0.78(642),  0.75(634),  0.40(625),  0.23(630),  0.15(633),  0.08(641),  0.02(624), 
