CHECKING DISTANT FROM POINTS TO AVERAGE PLANE TO REMOVE INCORRECT POINT. 

Distant of points(mm) belongs the plane 0 (49 points): 
22.39(32), 20.70(9), 17.65(55), 15.82(26), 14.43(57), 14.18(10), 13.91(49), 13.62(25), 13.56(43), 11.59(45), 11.06(15), 10.83(50), 10.69(38),  8.96(44),  8.94(27),  8.75(37),  8.52(28),  8.42(42),  8.23(16),  7.89(29),  7.88(47),  7.65(21),  7.45(39),  7.30(11),  7.19(31),  7.05(33),  6.97(36),  6.70(48),  5.90(14),  4.90(35),  4.51(13),  3.92(41),  3.53(51),  3.48(56),  2.67(17),  2.50(19),  2.36(12),  1.59(22),  1.12(30),  0.88(40),  0.79(23),  0.68(20),  0.68(52),  0.61(54),  0.55(24),  0.50(34),  0.35(53),  0.31(46),  0.11(18), 
Distant of points(mm) belongs the plane 1 (9 points): 
17.16(65), 11.71(61), 11.63(59), 10.85(66),  9.35(58),  5.30(64),  4.82(63),  2.27(62),  1.35(60), 
Distant of points(mm) belongs the plane 2 (99 points): 
16.29(111), 15.27(112), 12.46(93), 12.27(67), 12.05(113), 11.40(92), 11.06(109), 10.12(74),  9.78(91),  9.22(110),  8.66(108),  8.43(154),  8.18(128),  8.12(70),  7.99(153),  7.77(141),  7.71(114),  7.57(89),  7.31(94),  7.20(107),  7.11(90),  7.05(152),  7.05(129),  6.79(71),  6.63(75),  6.63(164),  6.59(95),  6.42(151),  6.14(155),  6.06(73),  5.82(68),  5.77(106),  5.75(130),  5.67(132),  5.44(72),  5.24(131),  5.07(165),  5.05(118),  4.97(163),  4.92(96),  4.81(166),  4.78(76),  4.78(80),  4.77(116),  4.39(115),  4.32(142),  4.24(81),  4.20(143),  4.09(133),  4.08(88),  3.81(86),  3.80(156),  3.78(122),  3.61(140),  3.57(162),  3.36(126),  3.29(105),  3.09(125),  3.06(77),  2.99(103),  2.99(136),  2.83(134),  2.83(150),  2.62(157),  2.40(158),  2.37(97),  2.35(102),  2.27(120),  2.24(85),  2.23(78),  2.16(101),  2.12(127),  2.10(82),  2.07(146),  1.90(119),  1.87(159),  1.70(69),  1.68(145),  1.54(144),  1.52(137),  1.45(135),  1.31(139),  1.23(161),  1.20(149),  1.09(138),  1.02(160),  0.91(148),  0.88(100),  0.76(121),  0.72(117),  0.72(79),  0.69(123),  0.58(147),  0.54(87),  0.52(83),  0.42(99),  0.29(84),  0.05(98),  0.05(124), 
Distant of points(mm) belongs the plane 3 (60 points): 
14.34(226), 12.16(209), 11.29(208),  9.98(225),  8.89(210),  8.04(222),  7.19(223),  7.18(211),  6.52(224),  6.33(168),  6.17(169),  6.02(192),  5.81(221),  5.53(199),  5.37(167),  5.34(174),  4.38(177),  4.27(193),  4.02(200),  3.92(194),  3.79(181),  3.65(196),  3.63(213),  3.39(195),  3.26(185),  3.26(170),  3.00(214),  2.73(201),  2.70(184),  2.41(190),  2.33(212),  2.30(182),  2.22(175),  2.21(180),  2.00(215),  1.94(189),  1.90(197),  1.84(178),  1.76(220),  1.71(206),  1.61(205),  1.48(183),  1.45(186),  1.38(217),  1.31(171),  1.05(191),  1.04(176),  0.84(173),  0.61(198),  0.60(207),  0.52(188),  0.44(202),  0.44(172),  0.30(216),  0.29(203),  0.19(218),  0.18(179),  0.11(219),  0.08(204),  0.08(187), 
Distant of points(mm) belongs the plane 4 (66 points): 
19.03(284), 12.86(285), 12.09(246), 10.38(265),  9.95(267),  9.23(286),  8.73(227),  8.36(245),  8.32(280),  8.12(291),  7.97(279),  7.91(292),  7.79(281),  7.55(264),  7.52(266),  7.34(247),  7.15(290),  7.07(287),  6.54(231),  6.39(289),  5.96(288),  5.88(234),  5.87(239),  5.84(277),  5.83(278),  5.78(228),  5.65(240),  5.30(253),  4.98(232),  4.84(263),  4.79(229),  4.73(282),  4.62(268),  4.53(254),  4.44(243),  4.42(255),  4.41(242),  4.31(233),  3.91(248),  3.44(241),  3.12(256),  2.78(249),  2.74(276),  2.65(262),  2.61(244),  2.48(258),  2.23(261),  2.14(235),  2.07(283),  2.03(260),  1.91(259),  1.46(269),  1.25(272),  1.22(238),  1.12(275),  0.99(251),  0.95(273),  0.76(250),  0.68(252),  0.62(236),  0.58(271),  0.48(237),  0.43(230),  0.34(274),  0.21(257),  0.08(270), 
Distant of points(mm) belongs the plane 5 (60 points): 
24.90(334), 13.87(313), 12.35(314), 10.62(312),  8.83(301),  7.97(300),  7.70(344),  7.42(329),  7.35(333),  7.28(332),  7.15(311),  6.97(315),  6.94(331),  6.81(335),  6.69(298),  6.67(337),  6.63(347),  6.35(341),  6.15(297),  6.00(348),  5.94(342),  5.89(317),  5.76(310),  5.19(294),  5.10(349),  4.82(328),  4.72(330),  4.60(295),  4.56(299),  4.43(309),  4.36(336),  3.99(346),  3.90(296),  3.90(327),  3.85(302),  3.73(318),  3.33(338),  3.31(304),  3.21(305),  2.92(350),  2.78(316),  2.78(345),  2.69(343),  2.59(293),  2.40(351),  2.33(319),  2.22(321),  2.17(340),  2.05(326),  1.90(324),  1.54(303),  1.18(325),  1.18(339),  0.92(323),  0.66(306),  0.14(322),  0.14(352),  0.05(308),  0.04(307),  0.00(320), 
Distant of points(mm) belongs the plane 6 (42 points): 
 9.20(391),  8.62(377),  6.10(378),  5.82(393),  4.93(392),  4.74(367),  4.06(385),  4.04(364),  3.85(383),  3.76(376),  3.55(390),  3.26(382),  3.21(370),  3.15(373),  3.01(360),  2.93(357),  2.81(366),  2.71(363),  2.49(381),  1.73(356),  1.70(379),  1.62(388),  1.62(365),  1.57(353),  1.39(380),  1.25(374),  1.13(368),  1.05(355),  1.02(369),  0.85(384),  0.81(375),  0.79(386),  0.66(361),  0.62(394),  0.53(362),  0.38(371),  0.31(358),  0.19(354),  0.18(389),  0.10(372),  0.06(359),  0.04(387), 
Distant of points(mm) belongs the plane 7 (51 points): 
 6.83(405),  6.49(441),  6.35(397),  5.94(399),  5.70(404),  5.57(411),  5.55(407),  5.54(398),  5.36(431),  5.17(443),  4.86(433),  4.79(412),  4.61(402),  4.56(432),  4.54(422),  4.19(401),  4.13(406),  4.06(437),  3.93(400),  3.72(420),  3.40(409),  3.38(428),  3.14(417),  3.14(410),  3.03(416),  2.97(436),  2.96(423),  2.73(438),  2.19(429),  1.87(424),  1.83(396),  1.55(444),  1.51(426),  1.48(427),  1.32(435),  1.32(395),  1.23(418),  1.21(445),  1.07(442),  1.06(408),  1.02(440),  0.96(413),  0.95(403),  0.87(414),  0.74(421),  0.52(425),  0.40(419),  0.37(434),  0.37(415),  0.08(430),  0.00(439), 
Distant of points(mm) belongs the plane 8 (37 points): 
25.76(475), 23.28(480), 21.70(464), 15.84(463), 15.11(446), 15.03(459), 14.77(453), 13.79(476), 11.72(469), 11.52(449), 10.92(465), 10.10(468),  9.69(452),  9.66(462),  9.50(479),  9.14(460),  8.81(458),  7.43(448),  7.38(450),  7.02(447),  6.25(461),  6.11(451),  6.06(473),  5.92(482),  5.13(470),  4.46(477),  3.62(466),  3.09(467),  2.72(454),  2.31(472),  2.10(471),  1.31(481),  1.23(455),  1.17(483),  1.14(478),  0.37(456),  0.18(457), 
Distant of points(mm) belongs the plane 9 (17 points): 
22.71(488), 14.46(501), 12.79(500),  9.02(490),  6.72(504),  6.69(503),  6.26(495),  6.12(498),  5.19(493),  4.36(491),  3.65(494),  3.14(496),  2.65(489),  2.29(492),  1.44(499),  1.22(502),  1.07(497), 
Distant of points(mm) belongs the plane 10 (25 points): 
38.05(530), 34.99(508), 32.03(525), 26.56(516), 24.69(519), 24.63(511), 24.55(507), 19.66(520), 18.29(506), 17.69(522), 16.94(518), 15.06(510), 14.89(523), 11.19(527),  9.80(521),  8.67(528),  5.52(512),  4.73(524),  4.70(515),  3.28(529),  1.98(517),  1.96(509),  1.80(513),  0.12(526),  0.03(514), 
Distant of points(mm) belongs the plane 11 (10 points): 
11.60(541),  7.19(537),  6.32(542),  3.01(543),  2.01(545),  2.00(539),  1.73(540),  1.36(536),  0.96(544),  0.31(538), 
Distant of points(mm) belongs the plane 12 (14 points): 
19.80(556), 13.65(559), 10.92(554), 10.64(549),  9.60(558),  8.76(553),  8.62(557),  7.52(551),  6.60(550),  5.41(548),  5.30(555),  4.47(552),  3.99(547),  3.95(546), 
Distant of points(mm) belongs the plane 13 (25 points): 
21.54(563), 14.05(577),  9.12(568),  8.94(574),  8.09(561),  7.67(575),  7.44(566),  7.40(560),  7.36(573),  6.85(571),  6.12(570),  5.84(562),  5.82(578),  5.70(584),  4.81(567),  4.53(581),  4.48(585),  4.46(569),  4.26(580),  2.82(565),  2.78(582),  1.96(583),  1.47(579),  1.28(572),  1.25(576), 
Distant of points(mm) belongs the plane 14 (16 points): 
16.33(595), 13.44(597), 11.85(596),  8.37(587),  8.22(600),  8.03(588),  6.62(598),  5.84(593),  4.97(601),  4.41(594),  3.47(599),  2.30(589),  1.95(590),  1.32(592),  0.81(586),  0.12(591), 
Distant of points(mm) belongs the plane 15 (22 points): 
 8.27(620),  7.77(619),  6.43(602),  4.79(603),  4.73(621),  3.27(605),  2.86(608),  2.69(604),  2.40(618),  1.74(607),  1.34(610),  1.31(622),  1.13(616),  1.12(614),  1.08(609),  0.90(613),  0.62(615),  0.22(617),  0.19(611),  0.18(623),  0.09(606),  0.02(612), 
Distant of points(mm) belongs the plane 16 (17 points): 
 4.68(624),  2.39(626),  2.25(639),  1.90(629),  1.79(633),  1.63(630),  1.59(632),  1.40(634),  1.18(638),  1.04(637),  0.82(636),  0.63(627),  0.31(640),  0.25(635),  0.24(628),  0.20(631),  0.05(625), 
Distant of points(mm) belongs the plane 17 (8 points): 
 4.85(641),  3.77(643),  3.34(648),  3.01(644),  2.24(646),  2.06(645),  1.69(647),  1.19(642), 
Distant of points(mm) belongs the plane 18 (13 points): 
 9.55(657),  7.28(652),  5.46(658),  4.78(656),  4.69(653),  4.20(649),  2.72(650),  2.70(660),  2.38(661),  2.11(659),  2.08(651),  0.11(654),  0.01(655), 
Distant of points(mm) belongs the plane 19 (14 points): 
12.43(673),  8.61(663),  6.79(674),  6.73(671),  5.75(669),  5.67(672),  5.44(668),  5.42(666),  5.15(665),  1.88(664),  1.76(667),  0.96(662),  0.53(670),  0.41(675), 
