CHECKING DISTANT FROM POINTS TO AVERAGE PLANE TO REMOVE INCORRECT POINT. 

Distant of points(mm) belongs the plane 0 (48 points): 
22.19(9), 17.08(56), 15.29(45), 14.30(52), 13.42(26), 13.04(37), 13.02(32), 12.59(36),  9.75(10),  9.66(33),  9.55(18),  9.26(55),  8.70(25),  8.60(38),  8.49(11),  8.37(39),  7.98(40),  7.78(44),  7.76(34),  6.80(21),  6.74(53),  6.56(51),  6.55(28),  6.40(50),  6.23(54),  5.04(31),  4.77(16),  4.65(46),  4.21(49),  4.21(27),  3.55(24),  3.31(12),  3.15(41),  2.71(15),  2.52(30),  2.45(22),  1.85(47),  1.64(14),  1.54(29),  1.39(35),  1.30(23),  1.03(19),  0.78(17),  0.70(43),  0.67(20),  0.32(48),  0.22(13),  0.17(42), 
Distant of points(mm) belongs the plane 1 (13 points): 
 9.81(57),  8.40(65),  7.54(58),  4.70(63),  4.60(60),  4.25(62),  3.96(66),  3.63(64),  2.35(59),  2.00(68),  1.78(69),  0.44(67),  0.31(61), 
Distant of points(mm) belongs the plane 2 (110 points): 
19.05(81), 17.07(123), 15.34(124), 13.72(122), 13.55(84), 13.05(77), 12.54(85), 12.13(80), 11.16(82), 10.97(76), 10.91(78), 10.61(179), 10.56(98), 10.22(166), 10.20(83),  9.99(162),  9.96(121),  9.90(88),  9.83(93),  9.75(120),  9.58(163),  9.57(161),  8.88(74),  8.43(116),  7.95(165),  7.88(92),  7.83(164),  7.81(115),  7.61(151),  7.39(91),  7.25(119),  7.00(114),  6.74(79),  6.49(139),  6.48(107),  6.44(75),  6.42(109),  6.37(108),  6.29(86),  6.28(110),  6.28(113),  6.05(150),  5.96(152),  5.94(160),  5.90(71),  5.79(167),  5.74(136),  5.60(173),  5.45(138),  5.43(106),  5.37(118),  5.32(105),  5.29(149),  5.22(178),  5.10(126),  5.05(94),  5.02(117),  5.00(132),  4.96(90),  4.56(127),  4.53(147),  4.50(97),  4.48(137),  4.41(129),  4.40(146),  4.30(130),  4.13(111),  4.09(177),  3.86(153),  3.74(168),  3.65(125),  3.45(89),  3.26(73),  3.15(174),  3.04(131),  3.01(135),  2.81(141),  2.66(101),  2.66(148),  2.59(87),  2.50(156),  2.50(112),  2.48(175),  2.45(128),  2.36(172),  2.30(157),  2.29(171),  2.15(70),  2.14(176),  2.11(159),  1.80(158),  1.74(169),  1.70(72),  1.64(95),  1.61(155),  1.58(99),  1.50(140),  1.37(133),  1.22(142),  1.19(143),  1.08(102),  1.02(134),  0.92(154),  0.86(144),  0.63(145),  0.57(96),  0.51(170),  0.43(104),  0.31(103),  0.23(100), 
Distant of points(mm) belongs the plane 3 (74 points): 
 8.55(242),  7.63(231),  6.32(225),  6.12(232),  6.06(243),  5.92(233),  5.59(227),  5.40(228),  5.12(217),  5.05(200),  4.90(230),  4.49(252),  4.47(234),  4.31(229),  4.15(218),  3.82(240),  3.57(216),  3.51(201),  3.46(226),  3.44(235),  3.32(220),  3.27(183),  3.13(219),  2.99(245),  2.95(215),  2.94(246),  2.88(224),  2.81(214),  2.81(236),  2.76(210),  2.73(241),  2.67(212),  2.63(180),  2.55(209),  2.45(237),  2.29(199),  2.20(213),  2.12(221),  1.97(194),  1.96(191),  1.94(244),  1.83(211),  1.81(253),  1.78(195),  1.71(182),  1.70(251),  1.59(190),  1.59(198),  1.54(222),  1.38(197),  1.37(181),  1.20(186),  1.15(196),  0.96(238),  0.94(188),  0.92(247),  0.90(250),  0.84(207),  0.79(208),  0.76(184),  0.74(187),  0.68(204),  0.58(189),  0.52(249),  0.51(248),  0.51(193),  0.44(205),  0.42(206),  0.33(192),  0.33(239),  0.27(203),  0.22(202),  0.16(185),  0.00(223), 
Distant of points(mm) belongs the plane 4 (69 points): 
23.68(321), 21.70(322), 21.15(264), 20.45(289), 19.93(288), 19.03(263), 18.21(287), 17.70(290), 17.00(320), 15.34(286), 15.07(262), 14.98(277), 14.86(276), 14.29(261), 13.79(278), 13.76(285), 13.01(279), 12.95(295), 12.93(308), 12.15(284), 11.82(280), 11.76(260), 11.68(282), 11.20(296), 11.06(283), 11.05(254), 10.76(291), 10.50(311), 10.29(266),  9.99(294),  9.78(281),  9.73(275),  9.33(255),  9.15(309),  9.01(256),  8.88(297),  8.80(319),  8.62(258),  8.12(267),  8.03(301),  7.42(298),  7.38(312),  7.25(259),  7.01(273),  6.95(305),  6.63(304),  6.56(268),  6.49(299),  6.49(257),  6.46(303),  6.43(313),  6.31(265),  6.08(310),  6.06(300),  6.05(306),  6.05(318),  5.60(314),  5.44(272),  5.20(274),  4.84(269),  4.71(293),  4.67(270),  4.01(315),  3.25(317),  3.14(271),  2.49(316),  1.56(302),  1.55(292),  1.38(307), 
Distant of points(mm) belongs the plane 5 (66 points): 
15.94(354), 15.40(353), 14.77(352), 14.32(355), 13.11(349), 12.28(351), 11.87(360), 11.69(359), 11.65(332), 11.64(361), 11.48(344), 11.42(381), 11.04(350), 10.58(362), 10.28(328), 10.28(323), 10.10(380),  9.97(326),  9.63(382),  9.57(345),  9.06(343),  8.99(348),  8.94(379),  8.73(330),  8.55(372),  8.51(325),  8.43(324),  8.31(327),  8.00(373),  7.99(347),  7.94(329),  7.66(378),  7.24(331),  7.23(358),  7.16(333),  7.03(346),  7.03(340),  6.93(383),  6.91(367),  6.00(384),  5.67(334),  5.32(377),  5.07(339),  4.91(376),  4.36(365),  4.08(388),  3.52(371),  3.46(337),  3.40(342),  3.15(357),  3.14(338),  2.99(370),  2.98(366),  2.76(364),  2.53(375),  2.51(335),  2.08(385),  1.99(363),  1.89(374),  1.47(387),  0.83(336),  0.50(341),  0.39(369),  0.34(386),  0.26(368),  0.01(356), 
Distant of points(mm) belongs the plane 6 (38 points): 
12.34(394),  9.41(402),  9.11(401),  8.48(393),  6.89(397),  6.16(398),  5.61(411),  5.45(399),  5.00(419),  4.62(409),  4.57(391),  4.32(417),  4.25(423),  4.22(410),  4.06(418),  3.82(403),  3.48(392),  2.37(396),  2.14(420),  1.91(395),  1.86(406),  1.85(416),  1.80(422),  1.78(421),  1.68(415),  1.39(407),  1.23(400),  0.83(404),  0.73(413),  0.63(389),  0.36(424),  0.32(405),  0.25(412),  0.19(426),  0.16(425),  0.14(414),  0.03(408),  0.00(390), 
Distant of points(mm) belongs the plane 7 (36 points): 
11.44(449), 10.73(460),  9.34(461),  8.64(443),  8.51(429),  7.11(435),  7.00(439),  6.60(436),  6.25(445),  6.19(451),  6.11(442),  5.80(448),  5.79(427),  5.71(458),  5.66(459),  4.78(432),  4.14(452),  3.74(434),  3.73(444),  3.64(433),  3.64(456),  3.31(438),  2.96(430),  2.78(428),  2.65(453),  2.12(447),  1.97(454),  1.92(441),  1.81(440),  1.73(446),  1.23(431),  1.21(457),  1.01(455),  0.96(437),  0.05(462),  0.04(450), 
Distant of points(mm) belongs the plane 8 (24 points): 
15.96(486), 10.51(464), 10.27(467),  7.91(468),  7.85(473),  7.67(483),  6.95(463),  6.61(482),  6.58(477),  4.37(478),  4.09(485),  3.34(470),  3.09(471),  2.16(480),  1.94(465),  1.91(484),  1.83(466),  1.40(469),  1.36(472),  1.05(476),  0.57(481),  0.47(474),  0.32(475),  0.12(479), 
Distant of points(mm) belongs the plane 9 (21 points): 
26.19(504), 10.90(508), 10.35(506),  9.62(500),  9.36(507),  9.06(498),  8.14(505),  7.49(489),  6.73(495),  5.31(496),  5.08(490),  4.20(492),  3.76(509),  3.46(494),  2.21(491),  2.15(497),  1.07(493),  1.01(499),  0.63(501),  0.23(502),  0.18(503), 
Distant of points(mm) belongs the plane 10 (20 points): 
29.27(527), 18.71(512), 16.62(529), 14.54(520), 13.86(528), 13.53(521), 12.96(526), 12.26(518), 10.74(522),  9.35(513),  8.70(525),  7.89(517),  6.78(511),  6.54(519),  5.05(515),  3.65(510),  3.41(514),  2.02(516),  1.86(523),  1.75(524), 
Distant of points(mm) belongs the plane 11 (13 points): 
 5.36(539),  3.86(533),  3.09(535),  2.48(543),  1.94(537),  1.57(544),  1.11(536),  1.09(541),  1.03(545),  0.94(542),  0.78(540),  0.78(534),  0.60(538), 
Distant of points(mm) belongs the plane 12 (18 points): 
 7.38(549),  3.53(554),  3.12(562),  3.06(547),  3.01(561),  2.83(548),  1.76(555),  1.69(563),  1.54(552),  1.44(551),  1.29(557),  1.07(560),  1.01(546),  0.83(553),  0.54(559),  0.52(556),  0.44(550),  0.18(558), 
Distant of points(mm) belongs the plane 13 (23 points): 
 8.13(586),  8.13(576),  6.19(569),  5.77(582),  5.71(580),  5.63(572),  5.05(581),  4.94(579),  4.38(571),  4.17(567),  4.08(577),  3.68(574),  3.56(566),  3.15(568),  2.15(573),  2.08(565),  1.93(578),  1.81(564),  0.95(585),  0.95(570),  0.54(583),  0.47(584),  0.46(575), 
Distant of points(mm) belongs the plane 14 (17 points): 
33.29(595), 27.70(622), 16.16(589), 14.12(593), 13.64(590), 12.11(626), 11.41(627),  9.52(628),  9.06(596),  8.96(623),  8.35(588),  6.67(624),  6.60(592),  3.36(587),  3.28(591),  1.85(625),  0.23(594), 
Distant of points(mm) belongs the plane 15 (20 points): 
26.12(604), 18.69(634), 18.02(629), 16.05(635), 14.47(598), 13.57(633), 10.75(605),  9.24(601),  7.74(636),  5.72(603),  5.30(632),  5.26(606),  5.23(630),  4.66(597),  4.21(608),  4.16(607),  2.24(602),  1.14(631),  0.65(599),  0.06(600), 
Distant of points(mm) belongs the plane 16 (21 points): 
 9.75(640),  7.33(644),  6.91(612),  6.61(620),  6.53(616),  5.83(638),  5.36(639),  5.24(642),  5.18(613),  4.65(617),  4.55(641),  4.31(643),  4.30(614),  3.74(618),  3.06(615),  2.62(611),  1.87(637),  1.34(609),  1.19(610),  0.34(619),  0.26(621), 
Distant of points(mm) belongs the plane 17 (7 points): 
 9.37(627),  7.84(625),  7.81(626),  4.99(624),  4.56(623),  3.97(622),  2.73(628), 
Distant of points(mm) belongs the plane 18 (8 points): 
12.16(629),  7.64(636),  6.40(631),  6.22(634),  4.01(630),  2.62(635),  1.17(633),  0.63(632), 
Distant of points(mm) belongs the plane 19 (8 points): 
 5.97(644),  5.28(637),  5.05(639),  4.74(640),  3.30(642),  1.92(643),  1.92(638),  1.85(641), 
