Point ID     ,  Hz.(º ' "),  V.(º ' "),Slope Dist.(m),Refl.Ht.(m),Inst.Ht.(m),Easting(m),  Northing(m),  Height(m)
 7777            ,    0 00 03 ,   88 19 34,          0,      0.000,      1.400,            0,            0,          0
2   ,  236 06 23 ,  119 35 54,      2.876,      0.000,      0.000,  -3.14860,	   9.65696,	  -1.38257
3   ,  236 06 23 ,  119 35 54,      2.876,      0.000,      0.000,  -2.62867,	   9.65943,	  -1.38306
4   ,  236 06 23 ,  119 35 54,      2.876,      0.000,      0.000,   2.38444,	  -4.45715,	  -1.45532
5   ,  236 06 23 ,  119 35 54,      2.876,      0.000,      0.000,  -2.97145,	  -4.51346,	  -1.45041
6   ,  236 06 23 ,  119 35 54,      2.876,      0.000,      0.000,  -3.14860,	   9.65696,	  -1.38257
7   ,  236 06 23 ,  119 35 54,      2.876,      0.000,      0.000,   0.89291,	   6.33467,	   7.95493
8   ,  236 06 23 ,  119 35 54,      2.876,      0.000,      0.000,  -3.10682,	   6.31524,	   7.96000
9   ,  236 06 23 ,  119 35 54,      2.876,      0.000,      0.000,  -2.97145,	  -4.51346,	   7.84605
10   ,  236 06 23 ,  119 35 54,      2.876,      0.000,      0.000,   2.40490,	  -4.45693,	   7.83956
11   ,  236 06 23 ,  119 35 54,      2.876,      0.000,      0.000,   2.34681,	  -0.40078,	   7.88225
12   ,  236 06 23 ,  119 35 54,      2.876,      0.000,      0.000,   1.86338,	   3.54126,	   7.92430
13   ,  236 06 23 ,  119 35 54,      2.876,      0.000,      0.000,   0.89291,	   6.33467,	   7.95493
14   ,  236 06 23 ,  119 35 54,      2.876,      0.000,      0.000,  -2.62867,	   9.65943,	  -1.38306
15   ,  236 06 23 ,  119 35 54,      2.876,      0.000,      0.000,  -3.14860,	   9.65696,	  -1.38257
16   ,  236 06 23 ,  119 35 54,      2.876,      0.000,      0.000,  -3.10682,	   6.31524,	   7.96000
17   ,  236 06 23 ,  119 35 54,      2.876,      0.000,      0.000,   0.89291,	   6.33467,	   7.95493
18   ,  236 06 23 ,  119 35 54,      2.876,      0.000,      0.000,   1.43443,	   6.87546,	   6.44975
19   ,  236 06 23 ,  119 35 54,      2.876,      0.000,      0.000,   1.26823,	   7.33826,	   5.15392
20   ,  236 06 23 ,  119 35 54,      2.876,      0.000,      0.000,  -0.79646,	   9.09001,	   0.23136
21   ,  236 06 23 ,  119 35 54,      2.876,      0.000,      0.000,  -2.62867,	   9.65943,	  -1.38306
22   ,  236 06 23 ,  119 35 54,      2.876,      0.000,      0.000,  -3.14860,	   9.65696,	  -1.38257
23   ,  236 06 23 ,  119 35 54,      2.876,      0.000,      0.000,  -2.97145,	  -4.51346,	  -1.45041
24   ,  236 06 23 ,  119 35 54,      2.876,      0.000,      0.000,  -2.97145,	  -4.51346,	   7.84605
25   ,  236 06 23 ,  119 35 54,      2.876,      0.000,      0.000,  -3.10682,	   6.31524,	   7.96000
26   ,  236 06 23 ,  119 35 54,      2.876,      0.000,      0.000,  -3.14860,	   9.65696,	  -1.38257
27   ,  236 06 23 ,  119 35 54,      2.876,      0.000,      0.000,   2.38444,	  -4.45715,	  -1.45532
28   ,  236 06 23 ,  119 35 54,      2.876,      0.000,      0.000,  -2.97145,	  -4.51346,	  -1.45041
29   ,  236 06 23 ,  119 35 54,      2.876,      0.000,      0.000,  -2.97145,	  -4.51346,	   7.84605
30   ,  236 06 23 ,  119 35 54,      2.876,      0.000,      0.000,   2.40490,	  -4.45693,	   7.83956
31   ,  236 06 23 ,  119 35 54,      2.876,      0.000,      0.000,   3.15866,	  -4.44901,	   6.29503
32   ,  236 06 23 ,  119 35 54,      2.876,      0.000,      0.000,   3.15272,	  -4.44907,	   0.43421
33   ,  236 06 23 ,  119 35 54,      2.876,      0.000,      0.000,   2.80349,	  -4.45274,	  -1.03795
34   ,  236 06 23 ,  119 35 54,      2.876,      0.000,      0.000,   2.38444,	  -4.45715,	  -1.45532
35   ,  236 06 23 ,  119 35 54,      2.876,      0.000,      0.000,  -2.62867,	   9.65943,	  -1.38306
36   ,  236 06 23 ,  119 35 54,      2.876,      0.000,      0.000,   2.38444,	  -4.45715,	  -1.45532
37   ,  236 06 23 ,  119 35 54,      2.876,      0.000,      0.000,   2.80349,	  -4.45274,	  -1.03795
38   ,  236 06 23 ,  119 35 54,      2.876,      0.000,      0.000,   2.02124,	   3.69333,	   1.09795
39   ,  236 06 23 ,  119 35 54,      2.876,      0.000,      0.000,  -0.79646,	   9.09001,	   0.23136
40   ,  236 06 23 ,  119 35 54,      2.876,      0.000,      0.000,  -2.62867,	   9.65943,	  -1.38306
41   ,  236 06 23 ,  119 35 54,      2.876,      0.000,      0.000,   2.02124,	   3.69333,	   1.09795
42   ,  236 06 23 ,  119 35 54,      2.876,      0.000,      0.000,   2.61116,	   3.76511,	   3.62345
43   ,  236 06 23 ,  119 35 54,      2.876,      0.000,      0.000,   1.26823,	   7.33826,	   5.15392
44   ,  236 06 23 ,  119 35 54,      2.876,      0.000,      0.000,  -0.79646,	   9.09001,	   0.23136
45   ,  236 06 23 ,  119 35 54,      2.876,      0.000,      0.000,   2.02124,	   3.69333,	   1.09795
46   ,  236 06 23 ,  119 35 54,      2.876,      0.000,      0.000,   3.11407,	  -0.38546,	   2.97922
47   ,  236 06 23 ,  119 35 54,      2.876,      0.000,      0.000,   2.61116,	   3.76511,	   3.62345
48   ,  236 06 23 ,  119 35 54,      2.876,      0.000,      0.000,   2.02124,	   3.69333,	   1.09795
49   ,  236 06 23 ,  119 35 54,      2.876,      0.000,      0.000,   2.80349,	  -4.45274,	  -1.03795
50   ,  236 06 23 ,  119 35 54,      2.876,      0.000,      0.000,   3.15272,	  -4.44907,	   0.43421
51   ,  236 06 23 ,  119 35 54,      2.876,      0.000,      0.000,   3.11407,	  -0.38546,	   2.97922
52   ,  236 06 23 ,  119 35 54,      2.876,      0.000,      0.000,   1.26823,	   7.33826,	   5.15392
53   ,  236 06 23 ,  119 35 54,      2.876,      0.000,      0.000,   2.61116,	   3.76511,	   3.62345
54   ,  236 06 23 ,  119 35 54,      2.876,      0.000,      0.000,   2.63874,	   3.59894,	   6.29540
55   ,  236 06 23 ,  119 35 54,      2.876,      0.000,      0.000,   1.43443,	   6.87546,	   6.44975
56   ,  236 06 23 ,  119 35 54,      2.876,      0.000,      0.000,   1.26823,	   7.33826,	   5.15392
57   ,  236 06 23 ,  119 35 54,      2.876,      0.000,      0.000,   3.11407,	  -0.38546,	   2.97922
58   ,  236 06 23 ,  119 35 54,      2.876,      0.000,      0.000,   2.61116,	   3.76511,	   3.62345
59   ,  236 06 23 ,  119 35 54,      2.876,      0.000,      0.000,   2.63874,	   3.59894,	   6.29540
60   ,  236 06 23 ,  119 35 54,      2.876,      0.000,      0.000,   3.11751,	  -0.44565,	   6.30509
61   ,  236 06 23 ,  119 35 54,      2.876,      0.000,      0.000,   3.11407,	  -0.38546,	   2.97922
62   ,  236 06 23 ,  119 35 54,      2.876,      0.000,      0.000,   3.11407,	  -0.38546,	   2.97922
63   ,  236 06 23 ,  119 35 54,      2.876,      0.000,      0.000,   3.11751,	  -0.44565,	   6.30509
64   ,  236 06 23 ,  119 35 54,      2.876,      0.000,      0.000,   3.15866,	  -4.44901,	   6.29503
65   ,  236 06 23 ,  119 35 54,      2.876,      0.000,      0.000,   3.15272,	  -4.44907,	   0.43421
66   ,  236 06 23 ,  119 35 54,      2.876,      0.000,      0.000,   3.11407,	  -0.38546,	   2.97922
67   ,  236 06 23 ,  119 35 54,      2.876,      0.000,      0.000,   1.43443,	   6.87546,	   6.44975
68   ,  236 06 23 ,  119 35 54,      2.876,      0.000,      0.000,   2.63874,	   3.59894,	   6.29540
69   ,  236 06 23 ,  119 35 54,      2.876,      0.000,      0.000,   1.86338,	   3.54126,	   7.92430
70   ,  236 06 23 ,  119 35 54,      2.876,      0.000,      0.000,   0.89291,	   6.33467,	   7.95493
71   ,  236 06 23 ,  119 35 54,      2.876,      0.000,      0.000,   1.43443,	   6.87546,	   6.44975
72   ,  236 06 23 ,  119 35 54,      2.876,      0.000,      0.000,   2.63874,	   3.59894,	   6.29540
73   ,  236 06 23 ,  119 35 54,      2.876,      0.000,      0.000,   3.11751,	  -0.44565,	   6.30509
74   ,  236 06 23 ,  119 35 54,      2.876,      0.000,      0.000,   2.34681,	  -0.40078,	   7.88225
75   ,  236 06 23 ,  119 35 54,      2.876,      0.000,      0.000,   1.86338,	   3.54126,	   7.92430
76   ,  236 06 23 ,  119 35 54,      2.876,      0.000,      0.000,   2.63874,	   3.59894,	   6.29540
77   ,  236 06 23 ,  119 35 54,      2.876,      0.000,      0.000,   2.34681,	  -0.40078,	   7.88225
78   ,  236 06 23 ,  119 35 54,      2.876,      0.000,      0.000,   3.11751,	  -0.44565,	   6.30509
79   ,  236 06 23 ,  119 35 54,      2.876,      0.000,      0.000,   3.15866,	  -4.44901,	   6.29503
80   ,  236 06 23 ,  119 35 54,      2.876,      0.000,      0.000,   2.40490,	  -4.45693,	   7.83956
81   ,  236 06 23 ,  119 35 54,      2.876,      0.000,      0.000,   2.34681,	  -0.40078,	   7.88225
