   Point ID     ,  Hz.(º ' "),  V.(º ' "),Slope Dist.(m),Refl.Ht.(m),Inst.Ht.(m),Easting(m),  Northing(m),  Height(m)
7SVMJA          ,    0 00 03 ,   89 50 44,          0,      0.000,      0.000,            0,            0,          0
2               ,  252 18 08 ,   89 40 49,      2.603,      0.000,      0.000,       -2.480,       -0.791,      0.015
3               ,   79 17 27 ,  144 12 00,      1.731,      0.000,      0.000,        0.995,        0.188,     -1.404
4               ,   83 34 28 ,  144 12 02,      1.730,      0.000,      0.000,        1.006,        0.113,     -1.403
5               ,   81 11 05 ,  145 17 00,      1.710,      0.000,      0.000,        0.962,        0.149,     -1.405
6               ,   77 27 04 ,    6 48 44,      7.947,      0.000,      0.000,        0.920,        0.205,      7.891
7               ,   87 19 11 ,    6 30 38,      7.941,      0.000,      0.000,        0.899,        0.042,      7.890
8               ,   81 30 13 ,    6 05 38,      7.936,      0.000,      0.000,        0.833,        0.124,      7.891
9               ,   25 24 15 ,  101 55 28,      5.737,      0.000,      0.000,        2.408,        5.070,     -1.185
10              ,   20 17 26 ,   96 42 19,      5.441,      0.000,      0.000,        1.874,        5.068,     -0.635
11              ,   25 35 28 ,   88 35 35,      5.626,      0.000,      0.000,        2.429,        5.072,      0.138
12              ,   20 27 47 ,   81 20 26,      5.477,      0.000,      0.000,        1.893,        5.073,      0.825
13              ,   24 46 51 ,   71 52 29,      5.886,      0.000,      0.000,        2.345,        5.078,      1.831
14              ,   20 19 13 ,   63 28 08,      6.054,      0.000,      0.000,        1.881,        5.080,      2.704
15              ,   24 17 54 ,   56 40 13,      6.672,      0.000,      0.000,        2.294,        5.081,      3.666
16              ,   20 44 59 ,   48 52 42,      7.221,      0.000,      0.000,        1.927,        5.087,      4.749
17              ,   24 41 33 ,   43 25 56,      8.139,      0.000,      0.000,        2.338,        5.084,      5.911
18              ,   20 58 13 ,   38 00 28,      8.856,      0.000,      0.000,        1.952,        5.092,      6.978
19              ,   24 52 39 ,   36 00 20,      9.521,      0.000,      0.000,        2.355,        5.078,      7.702
20              ,    9 03 34 ,   33 53 35,      9.217,      0.000,      0.000,        0.809,        5.076,      7.651
21              ,    3 01 38 ,   37 16 46,      8.388,      0.000,      0.000,        0.268,        5.074,      6.674
22              ,    8 18 36 ,   41 16 08,      7.770,      0.000,      0.000,        0.741,        5.072,      5.840
23              ,    3 13 11 ,   46 15 00,      7.032,      0.000,      0.000,        0.285,        5.072,      4.863
24              ,    8 25 03 ,   52 29 50,      6.456,      0.000,      0.000,        0.750,        5.066,      3.930
25              ,    3 15 31 ,   60 02 31,      5.852,      0.000,      0.000,        0.288,        5.062,      2.922
26              ,    8 07 53 ,   66 19 50,      5.583,      0.000,      0.000,        0.723,        5.062,      2.241
27              ,    3 22 34 ,   74 46 09,      5.248,      0.000,      0.000,        0.298,        5.055,      1.379
28              ,    8 11 26 ,   82 46 43,      5.148,      0.000,      0.000,        0.728,        5.055,      0.647
29              ,    3 26 55 ,   91 14 34,      5.061,      0.000,      0.000,        0.304,        5.050,     -0.110
30              ,    9 20 06 ,   98 36 02,      5.180,      0.000,      0.000,        0.831,        5.054,     -0.775
31              ,    3 29 12 ,  104 09 56,      5.216,      0.000,      0.000,        0.308,        5.048,     -1.277
32              ,  351 17 22 ,  103 05 50,      5.232,      0.000,      0.000,       -0.772,        5.037,     -1.186
33              ,  345 26 35 ,  103 06 01,      5.338,      0.000,      0.000,       -1.307,        5.032,     -1.210
34              ,  350 36 34 ,   94 56 16,      5.129,      0.000,      0.000,       -0.834,        5.042,     -0.441
35              ,  345 45 04 ,   87 13 00,      5.206,      0.000,      0.000,       -1.280,        5.040,      0.253
36              ,  350 59 28 ,   79 27 08,      5.198,      0.000,      0.000,       -0.800,        5.047,      0.952
37              ,  345 39 39 ,   72 01 06,      5.468,      0.000,      0.000,       -1.288,        5.039,      1.688
38              ,  351 12 26 ,   64 08 11,      5.683,      0.000,      0.000,       -0.782,        5.054,      2.479
39              ,  346 01 21 ,   57 28 10,      6.169,      0.000,      0.000,       -1.256,        5.047,      3.317
40              ,  351 27 19 ,   50 00 46,      6.676,      0.000,      0.000,       -0.760,        5.058,      4.290
41              ,  345 58 38 ,   45 32 41,      7.300,      0.000,      0.000,       -1.263,        5.055,      5.112
42              ,  350 48 34 ,   41 30 40,      7.738,      0.000,      0.000,       -0.819,        5.063,      5.794
43              ,  346 02 44 ,   38 07 49,      8.444,      0.000,      0.000,       -1.257,        5.060,      6.642
44              ,  350 33 38 ,   34 04 50,      9.168,      0.000,      0.000,       -0.843,        5.068,      7.594
45              ,  345 59 01 ,   34 07 46,      9.297,      0.000,      0.000,       -1.263,        5.061,      7.696
46              ,  334 35 12 ,   35 37 31,      9.549,      0.000,      0.000,       -2.387,        5.024,      7.762
47              ,  332 04 48 ,   39 46 25,      8.882,      0.000,      0.000,       -2.661,        5.021,      6.827
48              ,  334 35 51 ,   43 16 03,      8.120,      0.000,      0.000,       -2.387,        5.027,      5.912
49              ,  330 56 39 ,   47 45 24,      7.758,      0.000,      0.000,       -2.789,        5.021,      5.216
50              ,  334 35 51 ,   52 02 10,      7.056,      0.000,      0.000,       -2.387,        5.025,      4.341
51              ,  331 01 35 ,   57 24 30,      6.814,      0.000,      0.000,       -2.781,        5.022,      3.670
52              ,  334 32 09 ,   62 05 00,      6.300,      0.000,      0.000,       -2.393,        5.026,      2.949
53              ,  330 48 43 ,   67 49 18,      6.206,      0.000,      0.000,       -2.803,        5.017,      2.343
54              ,  334 33 31 ,   74 55 54,      5.756,      0.000,      0.000,       -2.388,        5.019,      1.496
55              ,  330 53 45 ,   82 45 59,      5.798,      0.000,      0.000,       -2.798,        5.026,      0.730
56              ,  334 44 35 ,   90 46 15,      5.549,      0.000,      0.000,       -2.367,        5.018,     -0.075
57              ,  331 03 19 ,   96 17 20,      5.774,      0.000,      0.000,       -2.777,        5.022,     -0.632
58              ,  334 13 59 ,  103 24 12,      5.728,      0.000,      0.000,       -2.422,        5.018,     -1.328
59              ,  330 52 44 ,  103 01 02,      5.897,      0.000,      0.000,       -2.796,        5.019,     -1.328
60              ,   26 15 42 ,  101 01 24,      6.619,      0.000,      0.000,        2.875,        5.826,     -1.266
61              ,   28 05 54 ,   92 45 30,      6.626,      0.000,      0.000,        3.117,        5.839,     -0.319
62              ,   26 34 17 ,   83 21 17,      6.578,      0.000,      0.000,        2.923,        5.844,      0.761
63              ,   28 18 18 ,   75 14 21,      6.864,      0.000,      0.000,        3.147,        5.844,      1.749
64              ,   26 12 52 ,   66 51 29,      7.084,      0.000,      0.000,        2.877,        5.844,      2.784
65              ,   28 12 51 ,   60 00 25,      7.677,      0.000,      0.000,        3.143,        5.859,      3.838
66              ,   26 10 35 ,   52 52 07,      8.164,      0.000,      0.000,        2.871,        5.841,      4.928
67              ,   28 29 33 ,   47 39 52,      8.974,      0.000,      0.000,        3.165,        5.830,      6.044
68              ,   26 11 34 ,   42 45 23,      9.554,      0.000,      0.000,        2.863,        5.820,      7.015
69              ,   14 50 51 ,   38 17 51,      9.763,      0.000,      0.000,        1.550,        5.848,      7.662
70              ,   10 12 55 ,   38 02 29,      9.627,      0.000,      0.000,        1.052,        5.839,      7.582
71              ,   14 47 26 ,   42 52 20,      8.887,      0.000,      0.000,        1.544,        5.846,      6.513
72              ,   10 23 37 ,   46 05 16,      8.235,      0.000,      0.000,        1.070,        5.835,      5.711
73              ,   15 01 28 ,   51 45 30,      7.704,      0.000,      0.000,        1.569,        5.844,      4.769
74              ,   10 28 07 ,   57 48 38,      6.996,      0.000,      0.000,        1.076,        5.822,      3.727
75              ,   14 43 22 ,   64 01 46,      6.714,      0.000,      0.000,        1.534,        5.838,      2.940
76              ,   10 32 03 ,   70 15 46,      6.293,      0.000,      0.000,        1.083,        5.824,      2.125
77              ,   14 56 51 ,   79 50 37,      6.135,      0.000,      0.000,        1.558,        5.835,      1.082
78              ,   10 43 24 ,   86 25 29,      5.938,      0.000,      0.000,        1.103,        5.822,      0.370
79              ,   15 05 53 ,   92 02 06,      6.046,      0.000,      0.000,        1.574,        5.833,     -0.215
80              ,   10 34 04 ,  101 19 30,      6.038,      0.000,      0.000,        1.086,        5.820,     -1.186
81              ,   14 43 31 ,  102 08 21,      6.165,      0.000,      0.000,        1.532,        5.829,     -1.296
82              ,  359 52 14 ,  102 08 25,      5.944,      0.000,      0.000,       -0.013,        5.811,     -1.250
83              ,  354 48 58 ,  102 08 21,      5.963,      0.000,      0.000,       -0.527,        5.806,     -1.254
84              ,  359 25 32 ,   93 57 19,      5.827,      0.000,      0.000,       -0.058,        5.813,     -0.402
85              ,  355 15 04 ,   86 17 56,      5.849,      0.000,      0.000,       -0.483,        5.817,      0.378
86              ,  359 38 00 ,   79 26 16,      5.920,      0.000,      0.000,       -0.037,        5.820,      1.085
87              ,  354 50 29 ,   72 35 10,      6.122,      0.000,      0.000,       -0.525,        5.817,      1.832
88              ,  359 56 57 ,   66 10 48,      6.368,      0.000,      0.000,       -0.005,        5.825,      2.572
89              ,  355 14 22 ,   61 13 47,      6.665,      0.000,      0.000,       -0.485,        5.822,      3.208
90              ,  359 34 40 ,   55 12 30,      7.103,      0.000,      0.000,       -0.043,        5.833,      4.053
91              ,  354 47 03 ,   50 39 49,      7.566,      0.000,      0.000,       -0.532,        5.827,      4.796
92              ,  359 27 29 ,   45 50 09,      8.140,      0.000,      0.000,       -0.055,        5.839,      5.671
93              ,  355 00 23 ,   42 28 48,      8.670,      0.000,      0.000,       -0.510,        5.833,      6.395
94              ,  359 40 10 ,   39 00 33,      9.280,      0.000,      0.000,       -0.034,        5.841,      7.211
95              ,  355 16 50 ,   37 26 47,      9.636,      0.000,      0.000,       -0.482,        5.839,      7.650
96              ,  340 14 01 ,   38 18 53,      9.933,      0.000,      0.000,       -2.083,        5.795,      7.794
97              ,  343 08 00 ,   41 25 27,      9.177,      0.000,      0.000,       -1.762,        5.811,      6.881
98              ,  340 22 37 ,   44 47 06,      8.738,      0.000,      0.000,       -2.067,        5.798,      6.202
99              ,  343 14 18 ,   48 51 01,      8.056,      0.000,      0.000,       -1.749,        5.809,      5.301
100             ,  340 42 04 ,   53 19 24,      7.662,      0.000,      0.000,       -2.031,        5.800,      4.577
101             ,  343 23 34 ,   57 03 35,      7.219,      0.000,      0.000,       -1.731,        5.805,      3.925
102             ,  340 15 17 ,   63 08 27,      6.902,      0.000,      0.000,       -2.080,        5.795,      3.118
103             ,  342 50 49 ,   67 00 41,      6.588,      0.000,      0.000,       -1.789,        5.795,      2.573
104             ,  340 02 48 ,   74 23 43,      6.397,      0.000,      0.000,       -2.102,        5.791,      1.721
105             ,  343 15 00 ,   81 57 07,      6.111,      0.000,      0.000,       -1.744,        5.794,      0.855
106             ,  340 18 45 ,   89 57 05,      6.148,      0.000,      0.000,       -2.071,        5.789,      0.005
107             ,  344 21 39 ,   95 08 28,      6.037,      0.000,      0.000,       -1.621,        5.790,     -0.541
108             ,  340 12 35 ,  101 40 55,      6.275,      0.000,      0.000,       -2.081,        5.782,     -1.271
109             ,  328 30 53 ,   31 46 27,      9.078,      0.000,      0.000,       -2.496,        4.076,      7.717
110             ,  325 57 54 ,   33 33 12,      8.027,      0.000,      0.000,       -2.483,        3.677,      6.689
111             ,  327 47 52 ,   39 11 36,      7.427,      0.000,      0.000,       -2.501,        3.971,      5.756
112             ,  325 37 16 ,   43 24 26,      6.422,      0.000,      0.000,       -2.492,        3.642,      4.665
113             ,  328 15 01 ,   48 50 56,      6.348,      0.000,      0.000,       -2.515,        4.064,      4.177
114             ,  325 29 44 ,   53 29 06,      5.491,      0.000,      0.000,       -2.500,        3.637,      3.267
115             ,  328 15 33 ,   59 32 09,      5.559,      0.000,      0.000,       -2.521,        4.075,      2.819
116             ,  324 59 00 ,   64 50 49,      4.822,      0.000,      0.000,       -2.505,        3.575,      2.050
117             ,  327 36 02 ,   74 12 54,      4.890,      0.000,      0.000,       -2.521,        3.973,      1.330
118             ,  324 49 26 ,   82 58 31,      4.402,      0.000,      0.000,       -2.517,        3.571,      0.538
119             ,  328 12 26 ,   90 52 15,      4.803,      0.000,      0.000,       -2.530,        4.082,     -0.073
120             ,  324 46 17 ,   96 59 11,      4.407,      0.000,      0.000,       -2.523,        3.573,     -0.536
121             ,  327 38 50 ,  104 37 35,      4.893,      0.000,      0.000,       -2.534,        4.000,     -1.236
122             ,  314 28 19 ,  110 02 14,      3.745,      0.000,      0.000,       -2.510,        2.465,     -1.283
123             ,  307 38 25 ,  111 35 22,      3.410,      0.000,      0.000,       -2.511,        1.936,     -1.255
124             ,  314 35 10 ,   99 52 16,      3.576,      0.000,      0.000,       -2.509,        2.473,     -0.613
125             ,  308 07 09 ,   87 04 18,      3.187,      0.000,      0.000,       -2.504,        1.965,      0.163
126             ,  314 56 46 ,   73 16 27,      3.697,      0.000,      0.000,       -2.506,        2.501,      1.064
127             ,  309 22 00 ,   59 35 13,      3.747,      0.000,      0.000,       -2.498,        2.049,      1.897
128             ,  313 46 37 ,   49 51 02,      4.525,      0.000,      0.000,       -2.498,        2.393,      2.918
129             ,  309 21 41 ,   41 43 37,      4.846,      0.000,      0.000,       -2.494,        2.046,      3.617
130             ,  314 36 03 ,   36 38 07,      5.879,      0.000,      0.000,       -2.498,        2.463,      4.718
131             ,  309 25 03 ,   30 48 35,      6.299,      0.000,      0.000,       -2.493,        2.049,      5.410
132             ,  315 08 38 ,   27 52 10,      7.587,      0.000,      0.000,       -2.501,        2.514,      6.707
133             ,  309 51 42 ,   23 19 18,      8.200,      0.000,      0.000,       -2.492,        2.081,      7.530
134             ,  290 40 15 ,   19 03 20,      8.124,      0.000,      0.000,       -2.482,        0.936,      7.679
135             ,  280 04 47 ,   21 36 03,      6.876,      0.000,      0.000,       -2.492,        0.443,      6.393
136             ,  289 38 22 ,   24 57 34,      6.256,      0.000,      0.000,       -2.486,        0.887,      5.671
137             ,  279 55 40 ,   27 15 35,      5.525,      0.000,      0.000,       -2.493,        0.436,      4.911
138             ,  287 59 14 ,   33 11 14,      4.787,      0.000,      0.000,       -2.492,        0.809,      4.006
139             ,  279 28 41 ,   38 28 43,      4.062,      0.000,      0.000,       -2.493,        0.416,      3.180
140             ,  289 22 38 ,   46 46 40,      3.624,      0.000,      0.000,       -2.492,        0.876,      2.482
141             ,  278 41 34 ,   58 04 53,      2.970,      0.000,      0.000,       -2.492,        0.381,      1.571
142             ,  288 41 45 ,   72 27 18,      2.759,      0.000,      0.000,       -2.492,        0.843,      0.832
143             ,  278 34 31 ,   87 40 50,      2.523,      0.000,      0.000,       -2.493,        0.376,      0.102
144             ,  288 45 40 ,  103 47 30,      2.712,      0.000,      0.000,       -2.494,        0.847,     -0.647
145             ,  278 01 50 ,  115 26 55,      2.787,      0.000,      0.000,       -2.492,        0.352,     -1.198
146             ,  253 16 55 ,  115 26 46,      2.867,      0.000,      0.000,       -2.480,       -0.745,     -1.232
147             ,  244 20 15 ,  113 52 25,      3.002,      0.000,      0.000,       -2.475,       -1.189,     -1.215
148             ,  253 31 09 ,  101 01 23,      2.636,      0.000,      0.000,       -2.481,       -0.734,     -0.504
149             ,  244 18 27 ,   86 19 24,      2.754,      0.000,      0.000,       -2.477,       -1.192,      0.177
150             ,  254 28 08 ,   72 41 06,      2.697,      0.000,      0.000,       -2.481,       -0.689,      0.803
151             ,  244 33 51 ,   61 18 58,      3.129,      0.000,      0.000,       -2.479,       -1.179,      1.502
152             ,  254 48 00 ,   49 25 18,      3.384,      0.000,      0.000,       -2.480,       -0.674,      2.201
153             ,  245 23 31 ,   42 31 57,      4.043,      0.000,      0.000,       -2.485,       -1.138,      2.979
154             ,  254 44 20 ,   33 49 41,      4.624,      0.000,      0.000,       -2.484,       -0.678,      3.841
155             ,  245 30 45 ,   30 32 50,      5.379,      0.000,      0.000,       -2.488,       -1.133,      4.632
156             ,  253 36 34 ,   25 56 31,      5.928,      0.000,      0.000,       -2.488,       -0.732,      5.330
157             ,  246 08 40 ,   23 38 20,      6.793,      0.000,      0.000,       -2.491,       -1.102,      6.223
158             ,  254 06 17 ,   20 21 36,      7.438,      0.000,      0.000,       -2.489,       -0.709,      6.973
159             ,  245 31 33 ,   19 40 49,      8.132,      0.000,      0.000,       -2.493,       -1.135,      7.657
160             ,  227 30 36 ,   24 11 27,      8.242,      0.000,      0.000,       -2.491,       -2.281,      7.518
161             ,  221 44 34 ,   26 02 14,      8.530,      0.000,      0.000,       -2.493,       -2.794,      7.664
162             ,  226 37 12 ,   27 11 45,      7.473,      0.000,      0.000,       -2.482,       -2.346,      6.647
163             ,  222 19 49 ,   31 20 51,      7.112,      0.000,      0.000,       -2.492,       -2.735,      6.074
164             ,  226 51 03 ,   33 01 13,      6.232,      0.000,      0.000,       -2.478,       -2.323,      5.226
165             ,  221 50 10 ,   38 42 05,      5.946,      0.000,      0.000,       -2.480,       -2.770,      4.641
166             ,  226 04 28 ,   42 13 52,      5.102,      0.000,      0.000,       -2.470,       -2.379,      3.778
167             ,  222 11 50 ,   48 06 37,      4.960,      0.000,      0.000,       -2.480,       -2.735,      3.312
168             ,  226 17 37 ,   52 22 52,      4.313,      0.000,      0.000,       -2.470,       -2.361,      2.633
169             ,  221 22 59 ,   59 20 58,      4.345,      0.000,      0.000,       -2.471,       -2.805,      2.215
170             ,  226 34 02 ,   67 38 47,      3.672,      0.000,      0.000,       -2.466,       -2.335,      1.397
171             ,  221 45 50 ,   75 45 21,      3.828,      0.000,      0.000,       -2.472,       -2.768,      0.942
172             ,  225 41 15 ,   84 24 24,      3.463,      0.000,      0.000,       -2.466,       -2.408,      0.338
173             ,  221 29 37 ,   95 04 56,      3.726,      0.000,      0.000,       -2.459,       -2.780,     -0.330
174             ,  225 57 30 ,  109 42 07,      3.639,      0.000,      0.000,       -2.463,       -2.382,     -1.227
175             ,  221 00 12 ,  108 13 44,      3.936,      0.000,      0.000,       -2.453,       -2.822,     -1.231
176             ,  211 26 12 ,  104 44 06,      4.843,      0.000,      0.000,       -2.443,       -3.996,     -1.232
177             ,  209 05 26 ,  103 49 23,      5.160,      0.000,      0.000,       -2.436,       -4.378,     -1.233
178             ,  211 33 24 ,   98 58 57,      4.718,      0.000,      0.000,       -2.439,       -3.971,     -0.737
179             ,  209 01 45 ,   92 58 58,      5.032,      0.000,      0.000,       -2.438,       -4.394,     -0.262
180             ,  211 52 19 ,   86 02 41,      4.648,      0.000,      0.000,       -2.448,       -3.937,      0.321
181             ,  208 43 34 ,   78 42 59,      5.180,      0.000,      0.000,       -2.442,       -4.455,      1.014
182             ,  212 12 15 ,   71 11 23,      4.858,      0.000,      0.000,       -2.451,       -3.891,      1.567
183             ,  209 21 54 ,   65 21 31,      5.492,      0.000,      0.000,       -2.448,       -4.350,      2.290
184             ,  211 49 31 ,   58 53 09,      5.431,      0.000,      0.000,       -2.452,       -3.951,      2.806
185             ,  209 08 50 ,   54 23 02,      6.192,      0.000,      0.000,       -2.452,       -4.396,      3.606
186             ,  212 02 07 ,   49 02 24,      6.132,      0.000,      0.000,       -2.456,       -3.925,      4.020
187             ,  209 20 56 ,   45 44 08,      7.001,      0.000,      0.000,       -2.457,       -4.370,      4.887
188             ,  212 03 44 ,   40 12 41,      7.190,      0.000,      0.000,       -2.464,       -3.934,      5.491
189             ,  209 31 45 ,   37 39 42,      8.181,      0.000,      0.000,       -2.464,       -4.349,      6.476
190             ,  212 10 06 ,   34 04 23,      8.295,      0.000,      0.000,       -2.474,       -3.934,      6.871
191             ,  209 27 34 ,   33 04 32,      9.195,      0.000,      0.000,       -2.468,       -4.370,      7.705
192             ,  296 47 50 ,  108 42 14,      3.861,      0.000,      0.000,       -3.265,        1.649,     -1.238
193             ,  292 56 17 ,  100 08 15,      3.594,      0.000,      0.000,       -3.258,        1.379,     -0.633
194             ,  297 14 55 ,   90 27 28,      3.667,      0.000,      0.000,       -3.260,        1.679,     -0.029
195             ,  292 47 51 ,   79 06 39,      3.596,      0.000,      0.000,       -3.255,        1.368,      0.679
196             ,  296 55 15 ,   70 01 45,      3.887,      0.000,      0.000,       -3.257,        1.654,      1.327
197             ,  292 47 35 ,   57 34 19,      4.180,      0.000,      0.000,       -3.252,        1.367,      2.241
198             ,  297 45 36 ,   49 52 26,      4.812,      0.000,      0.000,       -3.256,        1.714,      3.101
199             ,  293 10 25 ,   41 32 27,      5.328,      0.000,      0.000,       -3.248,        1.390,      3.988
200             ,  297 43 06 ,   37 19 57,      6.056,      0.000,      0.000,       -3.251,        1.708,      4.816
201             ,  293 54 28 ,   31 46 18,      6.744,      0.000,      0.000,       -3.246,        1.439,      5.733
202             ,  297 41 43 ,   28 58 16,      7.570,      0.000,      0.000,       -3.247,        1.704,      6.623
203             ,  294 22 07 ,   25 23 40,      8.300,      0.000,      0.000,       -3.242,        1.469,      7.498
204             ,  271 06 19 ,   23 28 41,      8.166,      0.000,      0.000,       -3.253,        0.063,      7.490
205             ,  265 28 29 ,   23 32 26,      8.163,      0.000,      0.000,       -3.250,       -0.257,      7.484
206             ,  270 25 44 ,   28 13 31,      6.879,      0.000,      0.000,       -3.253,        0.024,      6.061
207             ,  264 00 31 ,   33 02 28,      5.993,      0.000,      0.000,       -3.250,       -0.341,      5.024
208             ,  270 51 52 ,   38 49 18,      5.192,      0.000,      0.000,       -3.254,        0.049,      4.045
209             ,  263 21 57 ,   46 08 02,      4.535,      0.000,      0.000,       -3.247,       -0.378,      3.142
210             ,  270 29 13 ,   55 06 31,      3.967,      0.000,      0.000,       -3.254,        0.028,      2.269
211             ,  263 07 35 ,   67 22 19,      3.543,      0.000,      0.000,       -3.247,       -0.391,      1.363
212             ,  271 17 54 ,   79 41 08,      3.309,      0.000,      0.000,       -3.255,        0.074,      0.592
213             ,  262 53 18 ,   90 45 07,      3.273,      0.000,      0.000,       -3.248,       -0.405,     -0.043
214             ,  270 11 47 ,  106 05 12,      3.383,      0.000,      0.000,       -3.251,        0.011,     -0.937
215             ,  262 25 41 ,  111 21 35,      3.519,      0.000,      0.000,       -3.248,       -0.432,     -1.282
216             ,  240 53 02 ,  109 18 26,      3.918,      0.000,      0.000,       -3.231,       -1.799,     -1.296
217             ,  237 14 05 ,   99 51 45,      3.895,      0.000,      0.000,       -3.227,       -2.077,     -0.667
218             ,  241 45 07 ,   90 15 43,      3.666,      0.000,      0.000,       -3.229,       -1.735,     -0.017
219             ,  238 29 14 ,   78 46 54,      3.861,      0.000,      0.000,       -3.229,       -1.980,      0.751
220             ,  241 59 43 ,   69 10 35,      3.916,      0.000,      0.000,       -3.231,       -1.718,      1.392
221             ,  237 53 19 ,   60 35 57,      4.378,      0.000,      0.000,       -3.231,       -2.028,      2.149
222             ,  241 51 30 ,   51 36 12,      4.674,      0.000,      0.000,       -3.230,       -1.728,      2.903
223             ,  238 15 52 ,   45 23 05,      5.342,      0.000,      0.000,       -3.234,       -2.000,      3.752
224             ,  242 23 20 ,   38 38 30,      5.854,      0.000,      0.000,       -3.239,       -1.694,      4.573
225             ,  238 56 54 ,   34 50 46,      6.618,      0.000,      0.000,       -3.240,       -1.951,      5.431
226             ,  242 29 46 ,   29 49 05,      7.358,      0.000,      0.000,       -3.245,       -1.690,      6.384
227             ,  239 59 45 ,   26 36 37,      8.383,      0.000,      0.000,       -3.252,       -1.878,      7.495
228             ,  195 13 04 ,   36 26 58,      9.635,      0.000,      0.000,       -1.503,       -5.524,      7.750
229             ,  199 34 14 ,   37 31 55,      9.640,      0.000,      0.000,       -1.967,       -5.533,      7.644
230             ,  195 21 56 ,   41 00 12,      8.734,      0.000,      0.000,       -1.518,       -5.525,      6.591
231             ,  199 08 51 ,   45 40 18,      8.205,      0.000,      0.000,       -1.925,       -5.544,      5.733
232             ,  195 23 55 ,   48 39 26,      7.645,      0.000,      0.000,       -1.524,       -5.534,      5.050
233             ,  199 07 43 ,   54 39 10,      7.201,      0.000,      0.000,       -1.925,       -5.549,      4.166
234             ,  195 17 57 ,   59 25 35,      6.672,      0.000,      0.000,       -1.516,       -5.541,      3.394
235             ,  199 29 23 ,   66 17 18,      6.438,      0.000,      0.000,       -1.967,       -5.557,      2.589
236             ,  195 03 31 ,   73 04 09,      6.008,      0.000,      0.000,       -1.493,       -5.550,      1.749
237             ,  199 17 20 ,   78 44 22,      6.005,      0.000,      0.000,       -1.946,       -5.559,      1.173
238             ,  194 35 31 ,   84 59 52,      5.759,      0.000,      0.000,       -1.445,       -5.552,      0.502
239             ,  199 51 22 ,   92 32 19,      5.921,      0.000,      0.000,       -2.009,       -5.564,     -0.262
240             ,  195 02 26 ,  101 47 31,      5.883,      0.000,      0.000,       -1.494,       -5.561,     -1.202
241             ,  181 05 00 ,  102 43 03,      5.681,      0.000,      0.000,       -0.105,       -5.541,     -1.251
242             ,  184 09 42 ,  100 32 24,      5.659,      0.000,      0.000,       -0.404,       -5.549,     -1.035
243             ,  182 04 57 ,   93 25 59,      5.555,      0.000,      0.000,       -0.202,       -5.541,     -0.333
244             ,  184 38 51 ,   85 27 21,      5.579,      0.000,      0.000,       -0.451,       -5.543,      0.442
245             ,  179 25 45 ,   78 32 05,      5.648,      0.000,      0.000,        0.055,       -5.535,      1.123
246             ,  184 12 23 ,   69 13 38,      5.942,      0.000,      0.000,       -0.408,       -5.541,      2.107
247             ,  179 20 32 ,   63 26 03,      6.186,      0.000,      0.000,        0.064,       -5.533,      2.767
248             ,  183 49 36 ,   56 32 20,      6.650,      0.000,      0.000,       -0.370,       -5.535,      3.667
249             ,  179 15 57 ,   51 43 58,      7.048,      0.000,      0.000,        0.071,       -5.533,      4.365
250             ,  184 30 29 ,   46 49 02,      7.610,      0.000,      0.000,       -0.436,       -5.532,      5.208
251             ,  178 58 54 ,   41 45 57,      8.302,      0.000,      0.000,        0.098,       -5.529,      6.192
252             ,  184 06 19 ,   38 58 58,      8.806,      0.000,      0.000,       -0.397,       -5.526,      6.846
253             ,  179 22 58 ,   35 46 09,      9.451,      0.000,      0.000,        0.060,       -5.524,      7.668
254             ,  167 07 40 ,   36 29 58,      9.551,      0.000,      0.000,        1.266,       -5.538,      7.678
255             ,  163 17 35 ,   40 42 14,      8.868,      0.000,      0.000,        1.663,       -5.539,      6.723
256             ,  167 20 06 ,   45 14 32,      7.999,      0.000,      0.000,        1.245,       -5.542,      5.632
257             ,  163 15 25 ,   49 31 33,      7.604,      0.000,      0.000,        1.666,       -5.539,      4.936
258             ,  166 38 23 ,   54 40 43,      6.980,      0.000,      0.000,        1.316,       -5.541,      4.035
259             ,  163 32 35 ,   62 37 11,      6.503,      0.000,      0.000,        1.636,       -5.538,      2.991
260             ,  167 32 07 ,   68 27 36,      6.099,      0.000,      0.000,        1.224,       -5.539,      2.239
261             ,  163 01 25 ,   75 06 47,      5.990,      0.000,      0.000,        1.690,       -5.537,      1.539
262             ,  167 53 59 ,   80 31 43,      5.739,      0.000,      0.000,        1.187,       -5.535,      0.944
263             ,  162 59 37 ,   87 20 33,      5.790,      0.000,      0.000,        1.692,       -5.531,      0.268
264             ,  163 55 46 ,  100 27 31,      5.848,      0.000,      0.000,        1.592,       -5.526,     -1.062
265             ,  153 05 15 ,  102 11 44,      6.330,      0.000,      0.000,        2.800,       -5.517,     -1.337
266             ,  202 50 02 ,  100 14 03,      6.993,      0.000,      0.000,       -2.671,       -6.343,     -1.243
267             ,  201 14 25 ,   91 59 43,      6.802,      0.000,      0.000,       -2.463,       -6.336,     -0.237
268             ,  203 08 21 ,   83 48 09,      6.921,      0.000,      0.000,       -2.704,       -6.327,      0.747
269             ,  201 18 55 ,   73 59 18,      7.063,      0.000,      0.000,       -2.468,       -6.324,      1.948
270             ,  203 17 30 ,   65 47 46,      7.541,      0.000,      0.000,       -2.720,       -6.318,      3.092
271             ,  201 22 33 ,   58 35 20,      7.939,      0.000,      0.000,       -2.470,       -6.309,      4.138
272             ,  203 06 46 ,   52 53 11,      8.596,      0.000,      0.000,       -2.691,       -6.304,      5.187
273             ,  201 10 29 ,   47 57 24,      9.102,      0.000,      0.000,       -2.442,       -6.303,      6.095
274             ,  203 19 01 ,   44 35 33,      9.761,      0.000,      0.000,       -2.713,       -6.293,      6.951
275             ,  201 42 29 ,   41 21 51,     10.260,      0.000,      0.000,       -2.508,       -6.300,      7.701
276             ,  190 13 54 ,   39 47 42,      9.975,      0.000,      0.000,       -1.134,       -6.283,      7.664
277             ,  187 17 06 ,   41 55 23,      9.487,      0.000,      0.000,       -0.804,       -6.288,      7.059
278             ,  190 09 56 ,   46 40 50,      8.786,      0.000,      0.000,       -1.128,       -6.292,      6.027
279             ,  186 36 13 ,   50 45 08,      8.181,      0.000,      0.000,       -0.729,       -6.294,      5.176
280             ,  190 12 25 ,   55 38 38,      7.752,      0.000,      0.000,       -1.134,       -6.298,      4.375
281             ,  186 40 08 ,   62 08 42,      7.174,      0.000,      0.000,       -0.737,       -6.300,      3.352
282             ,  189 58 14 ,   68 38 08,      6.876,      0.000,      0.000,       -1.109,       -6.307,      2.505
283             ,  186 45 00 ,   74 36 29,      6.589,      0.000,      0.000,       -0.747,       -6.308,      1.749
284             ,  190 15 06 ,   81 50 54,      6.486,      0.000,      0.000,       -1.143,       -6.318,      0.920
285             ,  186 19 57 ,   88 27 02,      6.354,      0.000,      0.000,       -0.701,       -6.313,      0.172
286             ,  190 42 21 ,   93 15 41,      6.443,      0.000,      0.000,       -1.195,       -6.320,     -0.367
287             ,  186 49 05 ,  100 57 59,      6.485,      0.000,      0.000,       -0.756,       -6.321,     -1.234
288             ,  175 50 02 ,  101 01 56,      6.432,      0.000,      0.000,        0.459,       -6.296,     -1.231
289             ,  171 41 56 ,   93 57 28,      6.383,      0.000,      0.000,        0.919,       -6.301,     -0.441
290             ,  175 30 28 ,   85 11 44,      6.328,      0.000,      0.000,        0.494,       -6.286,      0.530
291             ,  171 42 29 ,   78 52 38,      6.492,      0.000,      0.000,        0.919,       -6.304,      1.252
292             ,  176 09 26 ,   70 36 24,      6.690,      0.000,      0.000,        0.423,       -6.296,      2.221
293             ,  171 24 54 ,   63 47 37,      7.107,      0.000,      0.000,        0.952,       -6.305,      3.139
294             ,  176 20 49 ,   57 38 41,      7.469,      0.000,      0.000,        0.402,       -6.296,      3.997
295             ,  171 26 49 ,   53 45 17,      7.905,      0.000,      0.000,        0.948,       -6.305,      4.674
296             ,  175 50 09 ,   49 32 15,      8.294,      0.000,      0.000,        0.458,       -6.294,      5.383
297             ,  171 25 52 ,   44 24 56,      9.110,      0.000,      0.000,        0.950,       -6.305,      6.507
298             ,  175 13 55 ,   41 21 39,      9.561,      0.000,      0.000,        0.525,       -6.296,      7.176
299             ,  172 41 11 ,   39 16 35,     10.040,      0.000,      0.000,        0.809,       -6.304,      7.772
300             ,  161 22 10 ,   41 29 04,     10.030,      0.000,      0.000,        2.123,       -6.296,      7.514
301             ,  158 34 16 ,   45 13 01,      9.527,      0.000,      0.000,        2.470,       -6.295,      6.711
302             ,  161 04 22 ,   48 13 10,      8.925,      0.000,      0.000,        2.159,       -6.295,      5.946
303             ,  158 31 17 ,   53 38 22,      8.394,      0.000,      0.000,        2.475,       -6.290,      4.976
304             ,  161 10 31 ,   59 53 08,      7.684,      0.000,      0.000,        2.145,       -6.292,      3.855
305             ,  161 10 31 ,   66 38 47,      7.243,      0.000,      0.000,        2.146,       -6.294,      2.871
306             ,  158 12 23 ,   76 11 22,      6.976,      0.000,      0.000,        2.515,       -6.290,      1.665
307             ,  161 23 20 ,   80 26 37,      6.737,      0.000,      0.000,        2.120,       -6.297,      1.119
308             ,  158 21 52 ,   85 25 36,      6.785,      0.000,      0.000,        2.494,       -6.287,      0.541
309             ,  160 57 02 ,   92 26 30,      6.662,      0.000,      0.000,        2.172,       -6.291,     -0.284
310             ,  158 37 43 ,  100 34 21,      6.866,      0.000,      0.000,        2.460,       -6.286,     -1.260
311             ,   23 02 36 ,   33 50 44,      9.504,      0.000,      0.000,        2.072,        4.871,      7.894
312             ,   13 33 24 ,   36 02 47,      9.772,      0.000,      0.000,        1.348,        5.590,      7.901
313             ,    6 39 23 ,   32 00 24,      9.311,      0.000,      0.000,        0.572,        4.902,      7.895
314             ,  357 29 05 ,   35 36 47,      9.728,      0.000,      0.000,       -0.249,        5.659,      7.909
315             ,  348 20 09 ,   32 33 05,      9.380,      0.000,      0.000,       -1.020,        4.943,      7.906
316             ,  341 21 49 ,   36 38 38,      9.867,      0.000,      0.000,       -1.882,        5.580,      7.917
317             ,  331 26 28 ,   34 21 20,      9.592,      0.000,      0.000,       -2.588,        4.754,      7.919
318             ,  329 33 33 ,   29 37 11,      9.105,      0.000,      0.000,       -2.280,        3.880,      7.915
319             ,  318 11 22 ,   28 46 44,      9.025,      0.000,      0.000,       -2.897,        3.239,      7.910
320             ,  335 17 32 ,   25 10 12,      8.732,      0.000,      0.000,       -1.552,        3.374,      7.903
321             ,  356 24 14 ,   23 58 05,      8.644,      0.000,      0.000,       -0.220,        3.505,      7.899
322             ,   16 43 49 ,   24 30 40,      8.680,      0.000,      0.000,        1.037,        3.449,      7.897
323             ,   32 24 16 ,   27 02 24,      8.864,      0.000,      0.000,        2.159,        3.402,      7.895
324             ,   50 22 37 ,   21 02 17,      8.452,      0.000,      0.000,        2.337,        1.935,      7.888
325             ,   37 30 17 ,   16 25 15,      8.225,      0.000,      0.000,        1.416,        1.845,      7.890
326             ,    3 35 13 ,   14 00 02,      8.138,      0.000,      0.000,        0.123,        1.965,      7.896
327             ,  334 37 32 ,   15 09 16,      8.185,      0.000,      0.000,       -0.917,        1.933,      7.900
328             ,  314 04 51 ,   19 17 20,      8.382,      0.000,      0.000,       -1.989,        1.926,      7.912
329             ,  298 11 07 ,   23 36 01,      8.628,      0.000,      0.000,       -3.045,        1.632,      7.907
330             ,  287 33 46 ,   16 08 57,      8.232,      0.000,      0.000,       -2.183,        0.691,      7.907
331             ,  268 19 49 ,   20 40 01,      8.443,      0.000,      0.000,       -2.979,       -0.087,      7.900
332             ,  268 19 49 ,   11 12 17,      8.055,      0.000,      0.000,       -1.565,       -0.046,      7.902
333             ,  290 37 23 ,    2 30 40,      7.903,      0.000,      0.000,       -0.324,        0.122,      7.895
334             ,   90 04 44 ,    7 29 14,      7.955,      0.000,      0.000,        1.037,       -0.001,      7.887
335             ,   90 04 39 ,   12 22 48,      8.068,      0.000,      0.000,        1.730,       -0.002,      7.880
336             ,   90 04 33 ,   16 22 57,      8.214,      0.000,      0.000,        2.317,       -0.003,      7.880
337             ,  121 54 30 ,   19 28 22,      8.361,      0.000,      0.000,        2.366,       -1.473,      7.883
338             ,  138 08 52 ,   14 51 48,      8.157,      0.000,      0.000,        1.396,       -1.559,      7.884
339             ,  187 12 23 ,   11 13 45,      8.040,      0.000,      0.000,       -0.196,       -1.553,      7.886
340             ,  222 56 43 ,   15 46 54,      8.204,      0.000,      0.000,       -1.520,       -1.633,      7.895
341             ,  237 35 59 ,   22 27 52,      8.549,      0.000,      0.000,       -2.758,       -1.750,      7.901
342             ,  222 09 23 ,   22 59 47,      8.581,      0.000,      0.000,       -2.250,       -2.485,      7.899
343             ,  218 28 42 ,   29 30 14,      9.068,      0.000,      0.000,       -2.779,       -3.496,      7.892
344             ,  203 37 31 ,   26 32 18,      8.821,      0.000,      0.000,       -1.580,       -3.611,      7.892
345             ,  193 48 21 ,   20 02 50,      8.408,      0.000,      0.000,       -0.688,       -2.799,      7.899
346             ,  178 54 45 ,   24 43 30,      8.680,      0.000,      0.000,        0.069,       -3.630,      7.884
347             ,  163 47 47 ,   19 01 57,      8.339,      0.000,      0.000,        0.759,       -2.611,      7.883
348             ,  158 05 46 ,   27 23 04,      8.875,      0.000,      0.000,        1.523,       -3.787,      7.880
349             ,  137 44 36 ,   22 59 40,      8.557,      0.000,      0.000,        2.248,       -2.474,      7.877
350             ,  146 04 40 ,   28 36 22,      8.974,      0.000,      0.000,        2.398,       -3.565,      7.879
351             ,  157 15 14 ,   35 11 39,      9.640,      0.000,      0.000,        2.148,       -5.124,      7.878
352             ,  159 34 30 ,   39 47 02,     10.247,      0.000,      0.000,        2.288,       -6.145,      7.874
353             ,  163 51 37 ,   34 35 29,      9.571,      0.000,      0.000,        1.510,       -5.219,      7.879
354             ,  173 51 50 ,   37 37 06,      9.950,      0.000,      0.000,        0.649,       -6.039,      7.881
355             ,  180 47 39 ,   34 39 01,      9.586,      0.000,      0.000,       -0.076,       -5.450,      7.886
356             ,  187 44 33 ,   38 12 08,     10.036,      0.000,      0.000,       -0.836,       -6.150,      7.887
357             ,  197 22 08 ,   35 00 54,      9.635,      0.000,      0.000,       -1.650,       -5.276,      7.891
358             ,  202 18 43 ,   39 50 40,     10.276,      0.000,      0.000,       -2.500,       -6.091,      7.890
359             ,  206 17 14 ,   34 28 12,      9.577,      0.000,      0.000,       -2.401,       -4.860,      7.896
360             ,  206 10 25 ,   29 18 33,      9.060,      0.000,      0.000,       -1.956,       -3.980,      7.900
361             ,  330 25 25 ,  104 04 16,      5.783,      0.000,      0.000,       -2.769,        4.879,     -1.406
362             ,  341 05 31 ,  104 04 37,      5.773,      0.000,      0.000,       -1.815,        5.297,     -1.404
363             ,  347 06 34 ,  105 24 10,      5.271,      0.000,      0.000,       -1.134,        4.953,     -1.400
364             ,  356 44 47 ,  104 14 32,      5.720,      0.000,      0.000,       -0.315,        5.535,     -1.407
365             ,    8 48 44 ,  106 03 04,      5.110,      0.000,      0.000,        0.752,        4.853,     -1.413
366             ,   14 11 14 ,  103 21 17,      6.083,      0.000,      0.000,        1.451,        5.738,     -1.405
367             ,   25 30 27 ,  104 34 38,      5.603,      0.000,      0.000,        2.335,        4.894,     -1.410
368             ,   27 10 32 ,  102 13 35,      6.610,      0.000,      0.000,        2.951,        5.747,     -1.400
369             ,   36 18 22 ,  106 03 17,      5.094,      0.000,      0.000,        2.899,        3.945,     -1.409
370             ,   20 50 25 ,  108 19 11,      4.483,      0.000,      0.000,        1.514,        3.977,     -1.409
371             ,    6 37 01 ,  110 06 51,      4.078,      0.000,      0.000,        0.441,        3.804,     -1.402
372             ,  352 31 19 ,  110 06 52,      4.079,      0.000,      0.000,       -0.498,        3.798,     -1.403
373             ,  339 57 32 ,  110 02 43,      4.099,      0.000,      0.000,       -1.320,        3.618,     -1.405
374             ,  327 08 36 ,  108 33 32,      4.421,      0.000,      0.000,       -2.274,        3.520,     -1.407
375             ,  316 19 15 ,  108 24 42,      4.458,      0.000,      0.000,       -2.921,        3.059,     -1.408
376             ,  313 56 06 ,  114 30 59,      3.406,      0.000,      0.000,       -2.231,        2.150,     -1.413
377             ,  331 34 28 ,  115 01 40,      3.327,      0.000,      0.000,       -1.435,        2.651,     -1.408
378             ,  338 46 04 ,  125 05 52,      2.446,      0.000,      0.000,       -0.725,        1.866,     -1.407
379             ,    3 17 47 ,  119 19 12,      2.867,      0.000,      0.000,        0.144,        2.496,     -1.404
380             ,   24 42 28 ,  126 52 35,      2.353,      0.000,      0.000,        0.787,        1.710,     -1.412
381             ,   30 11 48 ,  117 38 30,      3.046,      0.000,      0.000,        1.357,        2.332,     -1.413
382             ,   45 58 21 ,  111 35 08,      3.845,      0.000,      0.000,        2.571,        2.485,     -1.415
383             ,   58 45 18 ,  112 10 40,      3.754,      0.000,      0.000,        2.972,        1.803,     -1.417
384             ,   78 57 00 ,  115 43 13,      3.259,      0.000,      0.000,        2.882,        0.563,     -1.414
385             ,   93 03 10 ,  119 59 14,      2.828,      0.000,      0.000,        2.446,       -0.130,     -1.413
386             ,   73 36 46 ,  131 58 14,      2.121,      0.000,      0.000,        1.513,        0.445,     -1.418
387             ,  104 17 16 ,  149 03 52,      1.651,      0.000,      0.000,        0.823,       -0.210,     -1.417
388             ,  330 39 06 ,  149 11 23,      1.638,      0.000,      0.000,       -0.411,        0.731,     -1.407
389             ,  248 53 58 ,  149 11 29,      1.644,      0.000,      0.000,       -0.786,       -0.303,     -1.412
390             ,  293 43 22 ,  133 20 59,      2.057,      0.000,      0.000,       -1.369,        0.602,     -1.412
391             ,  265 24 37 ,  126 14 46,      2.385,      0.000,      0.000,       -1.917,       -0.154,     -1.410
392             ,  282 02 23 ,  119 33 01,      2.854,      0.000,      0.000,       -2.428,        0.518,     -1.408
393             ,  266 34 29 ,  113 39 47,      3.491,      0.000,      0.000,       -3.192,       -0.191,     -1.401
394             ,  247 59 23 ,  118 25 24,      2.954,      0.000,      0.000,       -2.409,       -0.974,     -1.406
395             ,  239 57 22 ,  111 50 22,      3.785,      0.000,      0.000,       -3.041,       -1.759,     -1.408
396             ,  223 33 49 ,  119 52 03,      2.840,      0.000,      0.000,       -1.697,       -1.785,     -1.414
397             ,  221 06 32 ,  136 03 19,      1.963,      0.000,      0.000,       -0.896,       -1.026,     -1.413
398             ,  189 00 39 ,  125 32 15,      2.438,      0.000,      0.000,       -0.311,       -1.960,     -1.417
399             ,  162 40 41 ,  136 10 13,      1.964,      0.000,      0.000,        0.405,       -1.298,     -1.417
400             ,  153 48 15 ,  124 04 06,      2.534,      0.000,      0.000,        0.927,       -1.884,     -1.420
401             ,  125 29 16 ,  127 48 58,      2.314,      0.000,      0.000,        1.489,       -1.061,     -1.419
402             ,  133 35 46 ,  116 04 45,      3.222,      0.000,      0.000,        2.096,       -1.996,     -1.417
403             ,  112 32 01 ,  114 35 49,      3.408,      0.000,      0.000,        2.862,       -1.188,     -1.419
404             ,  139 22 58 ,  107 24 20,      4.749,      0.000,      0.000,        2.950,       -3.440,     -1.421
405             ,  149 17 34 ,  109 21 28,      4.286,      0.000,      0.000,        2.065,       -3.476,     -1.421
406             ,  160 18 44 ,  111 25 15,      3.886,      0.000,      0.000,        1.219,       -3.406,     -1.419
407             ,  175 13 49 ,  112 19 01,      3.734,      0.000,      0.000,        0.287,       -3.443,     -1.418
408             ,  187 09 18 ,  112 18 55,      3.721,      0.000,      0.000,       -0.429,       -3.416,     -1.413
409             ,  210 07 48 ,  110 50 23,      3.977,      0.000,      0.000,       -1.866,       -3.215,     -1.415
410             ,  218 35 50 ,  106 55 12,      4.828,      0.000,      0.000,       -2.882,       -3.610,     -1.405
411             ,  209 41 30 ,  106 53 05,      4.840,      0.000,      0.000,       -2.294,       -4.024,     -1.406
412             ,  204 18 17 ,  101 48 28,      6.778,      0.000,      0.000,       -2.731,       -6.047,     -1.387
413             ,  203 06 02 ,  105 55 49,      5.148,      0.000,      0.000,       -1.942,       -4.553,     -1.413
414             ,  194 21 50 ,  108 08 09,      4.543,      0.000,      0.000,       -1.071,       -4.182,     -1.414
415             ,  187 42 11 ,  102 38 51,      6.432,      0.000,      0.000,       -0.841,       -6.219,     -1.408
416             ,  185 28 36 ,  106 40 16,      4.926,      0.000,      0.000,       -0.450,       -4.697,     -1.413
417             ,  177 16 16 ,  110 15 03,      4.079,      0.000,      0.000,        0.182,       -3.823,     -1.412
418             ,  174 59 33 ,  103 22 00,      6.133,      0.000,      0.000,        0.521,       -5.944,     -1.418
419             ,  166 45 00 ,  105 59 45,      5.132,      0.000,      0.000,        1.131,       -4.802,     -1.414
420             ,  158 55 06 ,  107 24 30,      4.743,      0.000,      0.000,        1.628,       -4.223,     -1.419
421             ,  158 24 58 ,  102 35 18,      6.519,      0.000,      0.000,        2.341,       -5.916,     -1.421
422             ,  154 42 35 ,  103 36 43,      6.035,      0.000,      0.000,        2.506,       -5.303,     -1.420
423             ,  151 04 54 ,  103 34 42,      6.056,      0.000,      0.000,        2.847,       -5.153,     -1.422
424             ,  147 59 21 ,  104 15 37,      5.768,      0.000,      0.000,        2.963,       -4.740,     -1.421
425             ,   28 44 05 ,  101 31 11,      6.483,      0.000,      0.000,        3.054,        5.570,     -1.295
426             ,   29 54 22 ,   98 32 29,      6.385,      0.000,      0.000,        3.148,        5.474,     -0.948
427             ,   34 19 05 ,  102 35 07,      5.601,      0.000,      0.000,        3.082,        4.515,     -1.221
428             ,   38 20 00 ,  100 57 12,      5.173,      0.000,      0.000,        3.150,        3.984,     -0.983
429             ,   43 54 14 ,  105 37 58,      4.639,      0.000,      0.000,        3.098,        3.219,     -1.250
430             ,   53 12 38 ,  103 10 08,      4.082,      0.000,      0.000,        3.183,        2.380,     -0.930
431             ,   60 36 38 ,  109 44 57,      3.780,      0.000,      0.000,        3.100,        1.746,     -1.277
432             ,   76 57 52 ,  106 12 17,      3.414,      0.000,      0.000,        3.194,        0.739,     -0.953
433             ,   91 48 40 ,  112 17 09,      3.373,      0.000,      0.000,        3.119,       -0.099,     -1.279
434             ,  103 31 31 ,  105 27 16,      3.424,      0.000,      0.000,        3.209,       -0.772,     -0.912
435             ,  124 01 57 ,  108 42 32,      4.002,      0.000,      0.000,        3.142,       -2.122,     -1.284
436             ,  128 41 51 ,  103 43 40,      4.246,      0.000,      0.000,        3.219,       -2.579,     -1.008
437             ,  135 36 10 ,  106 01 38,      4.676,      0.000,      0.000,        3.144,       -3.211,     -1.291
438             ,  135 42 27 ,  103 20 28,      4.708,      0.000,      0.000,        3.199,       -3.279,     -1.086
439             ,  143 40 58 ,  103 28 12,      5.494,      0.000,      0.000,        3.164,       -4.305,     -1.280
440             ,  140 40 29 ,   95 39 29,      5.287,      0.000,      0.000,        3.334,       -4.070,     -0.521
441             ,  147 15 48 ,   94 21 12,      6.209,      0.000,      0.000,        3.348,       -5.207,     -0.471
442             ,  147 05 26 ,   86 22 22,      6.175,      0.000,      0.000,        3.348,       -5.174,      0.391
443             ,  147 17 20 ,   77 53 06,      6.328,      0.000,      0.000,        3.343,       -5.205,      1.328
444             ,  147 17 29 ,   66 36 40,      6.735,      0.000,      0.000,        3.340,       -5.201,      2.674
445             ,  147 17 28 ,   59 18 59,      7.203,      0.000,      0.000,        3.347,       -5.212,      3.676
446             ,  146 19 05 ,   50 51 53,      7.777,      0.000,      0.000,        3.346,       -5.020,      4.909
447             ,  146 19 03 ,   44 52 44,      8.570,      0.000,      0.000,        3.354,       -5.032,      6.073
448             ,  138 14 03 ,   39 42 56,      7.832,      0.000,      0.000,        3.333,       -3.733,      6.024
449             ,  138 14 06 ,   46 33 08,      6.882,      0.000,      0.000,        3.328,       -3.727,      4.733
450             ,  138 14 02 ,   55 49 40,      6.035,      0.000,      0.000,        3.326,       -3.724,      3.390
451             ,  138 14 01 ,   65 56 59,      5.469,      0.000,      0.000,        3.326,       -3.725,      2.229
452             ,  138 14 00 ,   75 06 14,      5.161,      0.000,      0.000,        3.322,       -3.720,      1.327
453             ,  138 14 16 ,   85 49 59,      5.007,      0.000,      0.000,        3.326,       -3.725,      0.364
454             ,  125 50 47 ,   94 46 52,      4.102,      0.000,      0.000,        3.313,       -2.394,     -0.342
455             ,  125 51 03 ,   80 43 54,      4.137,      0.000,      0.000,        3.310,       -2.392,      0.666
456             ,  125 51 10 ,   69 42 33,      4.354,      0.000,      0.000,        3.310,       -2.392,      1.510
457             ,  125 51 09 ,   56 07 28,      4.917,      0.000,      0.000,        3.309,       -2.391,      2.741
458             ,  125 51 09 ,   46 37 20,      5.620,      0.000,      0.000,        3.311,       -2.393,      3.860
459             ,  125 51 04 ,   38 27 54,      6.573,      0.000,      0.000,        3.314,       -2.395,      5.147
460             ,  125 51 00 ,   33 58 03,      7.322,      0.000,      0.000,        3.316,       -2.396,      6.072
461             ,  106 53 54 ,   29 30 26,      7.009,      0.000,      0.000,        3.303,       -1.004,      6.100
462             ,  106 53 52 ,   35 58 20,      5.859,      0.000,      0.000,        3.293,       -1.000,      4.742
463             ,  106 53 52 ,   45 17 45,      4.836,      0.000,      0.000,        3.289,       -0.999,      3.402
464             ,  106 53 58 ,   58 23 06,      4.031,      0.000,      0.000,        3.285,       -0.998,      2.113
465             ,  106 54 01 ,   72 33 51,      3.601,      0.000,      0.000,        3.287,       -0.999,      1.079
466             ,  106 53 50 ,   87 54 32,      3.441,      0.000,      0.000,        3.291,       -1.000,      0.126
467             ,   86 36 26 ,   95 28 00,      3.299,      0.000,      0.000,        3.278,        0.194,     -0.314
468             ,   86 36 36 ,   82 40 12,      3.306,      0.000,      0.000,        3.273,        0.194,      0.422
469             ,   86 36 40 ,   66 17 17,      3.588,      0.000,      0.000,        3.279,        0.194,      1.443
470             ,   86 36 34 ,   49 40 40,      4.303,      0.000,      0.000,        3.275,        0.194,      2.784
471             ,   86 36 36 ,   37 05 49,      5.444,      0.000,      0.000,        3.278,        0.194,      4.342
472             ,   86 36 34 ,   29 21 14,      6.738,      0.000,      0.000,        3.297,        0.195,      5.873
473             ,   66 05 07 ,   30 50 47,      7.005,      0.000,      0.000,        3.283,        1.456,      6.014
474             ,   66 04 53 ,   40 10 42,      5.531,      0.000,      0.000,        3.262,        1.447,      4.226
475             ,   66 04 59 ,   51 04 23,      4.586,      0.000,      0.000,        3.262,        1.447,      2.882
476             ,   66 04 58 ,   63 31 48,      3.980,      0.000,      0.000,        3.257,        1.444,      1.774
477             ,   66 05 01 ,   77 29 53,      3.654,      0.000,      0.000,        3.261,        1.446,      0.791
478             ,   66 05 01 ,   93 45 49,      3.578,      0.000,      0.000,        3.264,        1.447,     -0.235
479             ,   50 15 55 ,   93 45 05,      4.238,      0.000,      0.000,        3.252,        2.703,     -0.277
480             ,   50 15 56 ,   81 20 53,      4.269,      0.000,      0.000,        3.246,        2.698,      0.642
481             ,   50 15 58 ,   67 23 32,      4.568,      0.000,      0.000,        3.243,        2.695,      1.756
482             ,   50 16 01 ,   55 55 07,      5.093,      0.000,      0.000,        3.244,        2.696,      2.854
483             ,   50 16 00 ,   45 39 29,      5.903,      0.000,      0.000,        3.247,        2.699,      4.126
484             ,   50 15 50 ,   38 06 32,      6.875,      0.000,      0.000,        3.263,        2.712,      5.410
485             ,   50 15 40 ,   35 21 16,      7.355,      0.000,      0.000,        3.273,        2.721,      5.998
486             ,   37 23 03 ,   41 49 03,      8.026,      0.000,      0.000,        3.249,        4.252,      5.982
487             ,   30 07 55 ,   46 40 42,      8.876,      0.000,      0.000,        3.242,        5.585,      6.090
488             ,   38 50 19 ,   47 25 05,      7.002,      0.000,      0.000,        3.233,        4.016,      4.738
489             ,   30 16 51 ,   56 11 35,      7.694,      0.000,      0.000,        3.224,        5.521,      4.281
490             ,   37 43 12 ,   56 14 02,      6.343,      0.000,      0.000,        3.226,        4.171,      3.525
491             ,   30 11 22 ,   63 39 48,      7.146,      0.000,      0.000,        3.220,        5.535,      3.170
492             ,   36 58 44 ,   68 17 30,      5.769,      0.000,      0.000,        3.224,        4.282,      2.134
493             ,   30 29 45 ,   75 47 09,      6.531,      0.000,      0.000,        3.213,        5.456,      1.604
494             ,   35 46 54 ,   82 57 32,      5.557,      0.000,      0.000,        3.225,        4.474,      0.681
495             ,   29 53 07 ,   91 28 56,      6.459,      0.000,      0.000,        3.217,        5.598,     -0.167
496             ,   29 09 10 ,   45 01 23,      9.187,      0.000,      0.000,        3.166,        5.676,      6.494
497             ,   26 55 03 ,   40 27 44,      9.522,      0.000,      0.000,        2.797,        5.510,      7.244
498             ,   27 31 57 ,   36 12 02,      9.496,      0.000,      0.000,        2.592,        4.973,      7.663
499             ,   38 57 27 ,   36 15 15,      8.301,      0.000,      0.000,        3.087,        3.817,      6.694
500             ,   45 49 27 ,   26 16 05,      8.434,      0.000,      0.000,        2.677,        2.601,      7.563
501             ,   60 55 55 ,   29 19 11,      7.466,      0.000,      0.000,        3.195,        1.776,      6.509
502             ,   72 33 53 ,   19 54 26,      8.141,      0.000,      0.000,        2.645,        0.831,      7.655
503             ,   94 28 01 ,   25 56 41,      7.297,      0.000,      0.000,        3.183,       -0.249,      6.561
504             ,  115 34 23 ,   21 46 27,      8.108,      0.000,      0.000,        2.713,       -1.298,      7.530
505             ,  120 21 11 ,   28 57 13,      7.564,      0.000,      0.000,        3.160,       -1.850,      6.618
506             ,  139 34 01 ,   29 02 55,      8.674,      0.000,      0.000,        2.731,       -3.206,      7.583
507             ,  139 34 03 ,   36 42 36,      8.225,      0.000,      0.000,        3.189,       -3.743,      6.594
508             ,  146 37 13 ,   34 06 15,      8.992,      0.000,      0.000,        2.774,       -4.210,      7.445
509             ,  146 37 05 ,   42 10 30,      8.791,      0.000,      0.000,        3.248,       -4.929,      6.515
510             ,  154 57 45 ,   38 51 03,      9.934,      0.000,      0.000,        2.637,       -5.646,      7.737
511             ,  252 18 13 ,   89 40 49,      2.603,      0.000,      0.000,       -2.480,       -0.791,      0.015
512             ,   80 49 26 ,  145 25 44,      1.706,      0.000,      0.000,        0.956,        0.154,     -1.405
