#Plane 0. 
-3558.5409128704,5851.6598671690,-1395.5746101896 
1516.7941305486,5764.4277073724,-1383.2194021710 
-3720.5541431836,-4892.6509397362,-1463.0705458540 
2211.3601340504,-4985.7429477864,-1448.5747778053 
2326.0159469543,1288.1357158361,-1409.1112037227 
#ERRORs at Segment 3: 
,1516.7941305484,5764.4277073719,-1383.2194021716 
 2326.0159469543,1288.1357158361,-1409.1112037227 
#Plane 0. 
-3558.5409128704,5851.6598671690,-1395.5746101896 
1516.7941305486,5764.4277073724,-1383.2194021710 
-3720.5541431836,-4892.6509397362,-1463.0705458540 
2211.3601340504,-4985.7429477864,-1448.5747778053 
2326.0159469543,1288.1357158361,-1409.1112037227 
#ERRORs at Segment 4: 
,2211.3601340510,-4985.7429477867,-1448.5747778055 
 2326.0159469542,1288.1357158376,-1409.1112037224 
#Plane 5. 
1516.7941305484,5764.4277073719,-1383.2194021716 
2354.9311714108,1128.1882390826,-1410.0363731117 
2172.8071375894,5754.7226605149,-724.9614787641 
#ERRORs at Segment 0: 
,1516.7941305484,5764.4277073719,-1383.2194021716 
 2354.9311714108,1128.1882390826,-1410.0363731117 
#Plane 5. 
1516.7941305484,5764.4277073719,-1383.2194021716 
2354.9311714108,1128.1882390826,-1410.0363731117 
2172.8071375894,5754.7226605149,-724.9614787641 
#ERRORs at Segment 2: 
,2172.8071375887,5754.7226605150,-724.9614787632 
 2354.9311714107,1128.1882390815,-1410.0363731115 
#Plane 6. 
2172.8071375887,5754.7226605150,-724.9614787632 
2340.6551767688,1490.8442775233,-1356.3360167348 
2571.2575602998,5752.1924592498,1081.9198299874 
2505.5836817765,1561.0192335786,-585.1569845544 
#ERRORs at Segment 0: 
,2172.8071375887,5754.7226605150,-724.9614787632 
 2340.6551767688,1490.8442775233,-1356.3360167348 
#Plane 6. 
2172.8071375887,5754.7226605150,-724.9614787632 
2340.6551767688,1490.8442775233,-1356.3360167348 
2571.2575602998,5752.1924592498,1081.9198299874 
2505.5836817765,1561.0192335786,-585.1569845544 
#ERRORs at Segment 3: 
,2505.5836817769,1561.0192335813,-585.1569845513 
 2340.6551767680,1490.8442775266,-1356.3360167354 
#Plane 7. 
2505.5836817769,1561.0192335813,-585.1569845513 
2329.6347752032,1486.1552385065,-1407.8656332355 
2398.3297360264,-4988.6771398328,-567.7541590797 
2211.3601340505,-4985.7429477865,-1448.5747778051 
#ERRORs at Segment 0: 
,2505.5836817769,1561.0192335813,-585.1569845513 
 2329.6347752032,1486.1552385065,-1407.8656332355 
#Plane 7. 
2505.5836817769,1561.0192335813,-585.1569845513 
2329.6347752032,1486.1552385065,-1407.8656332355 
2398.3297360264,-4988.6771398328,-567.7541590797 
2211.3601340505,-4985.7429477865,-1448.5747778051 
#ERRORs at Segment 3: 
,2211.3601340510,-4985.7429477867,-1448.5747778055 
 2329.6347752038,1486.1552385078,-1407.8656332353 
