Point ID     ,  Hz.(º ' "),  V.(º ' "),Slope Dist.(m),Refl.Ht.(m),Inst.Ht.(m),Easting(m),  Northing(m),  Height(m)
 7777            ,    0 00 03 ,   88 19 34,          0,      0.000,      1.400,            0,            0,          0
2   ,  236 06 23 ,  119 35 54,      2.876,      0.000,      0.000,  -3.55854,	   5.85166,	  -1.39557
3   ,  236 06 23 ,  119 35 54,      2.876,      0.000,      0.000,   1.51679,	   5.76443,	  -1.38322
4   ,  236 06 23 ,  119 35 54,      2.876,      0.000,      0.000,   2.32602,	   1.28814,	  -1.40911
5   ,  236 06 23 ,  119 35 54,      2.876,      0.000,      0.000,   2.21136,	  -4.98574,	  -1.44857
6   ,  236 06 23 ,  119 35 54,      2.876,      0.000,      0.000,  -3.72055,	  -4.89265,	  -1.46307
7   ,  236 06 23 ,  119 35 54,      2.876,      0.000,      0.000,  -3.55854,	   5.85166,	  -1.39557
8   ,  236 06 23 ,  119 35 54,      2.876,      0.000,      0.000,  -3.55821,	   5.87389,	   7.90413
9   ,  236 06 23 ,  119 35 54,      2.876,      0.000,      0.000,   1.81810,	   5.78147,	   7.91103
10   ,  236 06 23 ,  119 35 54,      2.876,      0.000,      0.000,   1.63543,	  -4.97670,	   7.85481
11   ,  236 06 23 ,  119 35 54,      2.876,      0.000,      0.000,  -3.72055,	  -4.89265,	   7.84790
12   ,  236 06 23 ,  119 35 54,      2.876,      0.000,      0.000,  -3.55821,	   5.87389,	   7.90413
13   ,  236 06 23 ,  119 35 54,      2.876,      0.000,      0.000,   1.51679,	   5.76443,	  -1.38322
14   ,  236 06 23 ,  119 35 54,      2.876,      0.000,      0.000,  -3.55854,	   5.85166,	  -1.39557
15   ,  236 06 23 ,  119 35 54,      2.876,      0.000,      0.000,  -3.55821,	   5.87389,	   7.90413
16   ,  236 06 23 ,  119 35 54,      2.876,      0.000,      0.000,   1.81810,	   5.78147,	   7.91103
17   ,  236 06 23 ,  119 35 54,      2.876,      0.000,      0.000,   2.56213,	   5.76502,	   6.37969
18   ,  236 06 23 ,  119 35 54,      2.876,      0.000,      0.000,   2.57126,	   5.75219,	   1.08192
19   ,  236 06 23 ,  119 35 54,      2.876,      0.000,      0.000,   2.17281,	   5.75472,	  -0.72496
20   ,  236 06 23 ,  119 35 54,      2.876,      0.000,      0.000,   1.51679,	   5.76443,	  -1.38322
21   ,  236 06 23 ,  119 35 54,      2.876,      0.000,      0.000,  -3.55854,	   5.85166,	  -1.39557
22   ,  236 06 23 ,  119 35 54,      2.876,      0.000,      0.000,  -3.72055,	  -4.89265,	  -1.46307
23   ,  236 06 23 ,  119 35 54,      2.876,      0.000,      0.000,  -3.72055,	  -4.89265,	   7.84790
24   ,  236 06 23 ,  119 35 54,      2.876,      0.000,      0.000,  -3.55821,	   5.87389,	   7.90413
25   ,  236 06 23 ,  119 35 54,      2.876,      0.000,      0.000,  -3.55854,	   5.85166,	  -1.39557
26   ,  236 06 23 ,  119 35 54,      2.876,      0.000,      0.000,   2.21136,	  -4.98574,	  -1.44857
27   ,  236 06 23 ,  119 35 54,      2.876,      0.000,      0.000,  -3.72055,	  -4.89265,	  -1.46307
28   ,  236 06 23 ,  119 35 54,      2.876,      0.000,      0.000,  -3.72055,	  -4.89265,	   7.84790
29   ,  236 06 23 ,  119 35 54,      2.876,      0.000,      0.000,   1.63543,	  -4.97670,	   7.85481
30   ,  236 06 23 ,  119 35 54,      2.876,      0.000,      0.000,   2.38621,	  -4.98849,	   6.30976
31   ,  236 06 23 ,  119 35 54,      2.876,      0.000,      0.000,   2.39833,	  -4.98868,	  -0.56775
32   ,  236 06 23 ,  119 35 54,      2.876,      0.000,      0.000,   2.21136,	  -4.98574,	  -1.44857
33   ,  236 06 23 ,  119 35 54,      2.876,      0.000,      0.000,   1.51679,	   5.76443,	  -1.38322
34   ,  236 06 23 ,  119 35 54,      2.876,      0.000,      0.000,   2.35493,	   1.12819,	  -1.41004
35   ,  236 06 23 ,  119 35 54,      2.876,      0.000,      0.000,   2.17281,	   5.75472,	  -0.72496
36   ,  236 06 23 ,  119 35 54,      2.876,      0.000,      0.000,   1.51679,	   5.76443,	  -1.38322
37   ,  236 06 23 ,  119 35 54,      2.876,      0.000,      0.000,   2.17281,	   5.75472,	  -0.72496
38   ,  236 06 23 ,  119 35 54,      2.876,      0.000,      0.000,   2.34066,	   1.49084,	  -1.35634
39   ,  236 06 23 ,  119 35 54,      2.876,      0.000,      0.000,   2.50558,	   1.56102,	  -0.58516
40   ,  236 06 23 ,  119 35 54,      2.876,      0.000,      0.000,   2.57126,	   5.75219,	   1.08192
41   ,  236 06 23 ,  119 35 54,      2.876,      0.000,      0.000,   2.17281,	   5.75472,	  -0.72496
42   ,  236 06 23 ,  119 35 54,      2.876,      0.000,      0.000,   2.50558,	   1.56102,	  -0.58516
43   ,  236 06 23 ,  119 35 54,      2.876,      0.000,      0.000,   2.32963,	   1.48616,	  -1.40787
44   ,  236 06 23 ,  119 35 54,      2.876,      0.000,      0.000,   2.21136,	  -4.98574,	  -1.44857
45   ,  236 06 23 ,  119 35 54,      2.876,      0.000,      0.000,   2.39833,	  -4.98868,	  -0.56775
46   ,  236 06 23 ,  119 35 54,      2.876,      0.000,      0.000,   2.50558,	   1.56102,	  -0.58516
47   ,  236 06 23 ,  119 35 54,      2.876,      0.000,      0.000,   2.56213,	   5.76502,	   6.37969
48   ,  236 06 23 ,  119 35 54,      2.876,      0.000,      0.000,   2.57126,	   5.75219,	   1.08192
49   ,  236 06 23 ,  119 35 54,      2.876,      0.000,      0.000,   2.50558,	   1.56102,	  -0.58516
50   ,  236 06 23 ,  119 35 54,      2.876,      0.000,      0.000,   2.39833,	  -4.98868,	  -0.56775
51   ,  236 06 23 ,  119 35 54,      2.876,      0.000,      0.000,   2.38621,	  -4.98849,	   6.30976
52   ,  236 06 23 ,  119 35 54,      2.876,      0.000,      0.000,   2.56213,	   5.76502,	   6.37969
53   ,  236 06 23 ,  119 35 54,      2.876,      0.000,      0.000,   2.56213,	   5.76502,	   6.37969
54   ,  236 06 23 ,  119 35 54,      2.876,      0.000,      0.000,   2.38621,	  -4.98849,	   6.30976
55   ,  236 06 23 ,  119 35 54,      2.876,      0.000,      0.000,   1.63543,	  -4.97670,	   7.85481
56   ,  236 06 23 ,  119 35 54,      2.876,      0.000,      0.000,   1.81810,	   5.78147,	   7.91103
57   ,  236 06 23 ,  119 35 54,      2.876,      0.000,      0.000,   2.56213,	   5.76502,	   6.37969
