CHECKING DISTANT FROM POINTS TO AVERAGE PLANE TO REMOVE INCORRECT POINT. 

Distant of points(mm) belongs the plane 0 (70 points): 
13.53(407), 13.10(353), 12.47(405), 11.85(341), 11.66(395), 11.15(348),  9.95(394),  9.87(352),  9.51(372),  9.37(379),  8.73(364),  8.55(396),  7.55(374),  7.43(386),  7.19(404),  6.96(397),  6.44(342),  5.99(410),  5.80(346),  5.72(370),  5.69(355),  5.51(344),  5.41(380),  5.27(401),  5.20(354),  4.96(402),  4.93(406),  4.65(393),  4.65(382),  3.83(356),  3.70(384),  3.70(363),  3.54(359),  3.54(345),  3.53(347),  3.39(367),  3.33(357),  3.00(349),  2.85(391),  2.66(350),  2.36(375),  2.25(399),  2.20(387),  2.11(390),  2.00(400),  1.90(408),  1.87(385),  1.81(389),  1.78(378),  1.68(362),  1.64(366),  1.61(368),  1.55(358),  1.49(377),  1.44(409),  1.32(351),  1.31(398),  1.30(388),  1.08(365),  0.96(383),  0.96(369),  0.86(343),  0.81(371),  0.74(373),  0.69(361),  0.58(376),  0.57(403),  0.32(381),  0.28(392),  0.07(360), 
Distant of points(mm) belongs the plane 1 (52 points): 
13.49(332),  8.92(336),  8.14(321),  7.37(335),  6.80(331),  6.58(315),  6.15(294),  5.95(309),  5.89(305),  5.73(293),  5.26(306),  4.43(320),  3.73(316),  3.63(330),  3.57(324),  3.54(308),  3.52(327),  3.48(328),  3.23(314),  2.75(299),  2.74(340),  2.65(339),  2.59(337),  2.35(311),  2.34(334),  2.03(302),  1.84(323),  1.50(291),  1.44(329),  1.41(304),  1.36(289),  1.35(307),  1.34(312),  1.30(295),  1.15(300),  1.09(301),  0.92(325),  0.80(290),  0.78(319),  0.58(303),  0.57(326),  0.49(318),  0.46(322),  0.43(317),  0.41(292),  0.39(296),  0.30(338),  0.28(298),  0.18(333),  0.11(297),  0.09(310),  0.09(313), 
Distant of points(mm) belongs the plane 5 (6 points): 
 6.43(415),  4.36(416),  3.33(413),  2.63(412),  0.87(414),  0.50(411), 
Distant of points(mm) belongs the plane 6 (10 points): 
 4.75(425),  3.54(418),  3.35(421),  3.28(424),  2.32(422),  1.69(423),  1.56(420),  1.29(417),  1.16(426),  0.66(419), 
Distant of points(mm) belongs the plane 7 (9 points): 
 5.22(435),  5.02(429),  4.35(427),  4.23(430),  3.99(428),  3.25(431),  2.57(434),  1.87(432),  0.36(433), 
Distant of points(mm) belongs the plane 8 (47 points): 
22.20(446), 13.29(439), 12.70(458), 11.97(469), 11.82(482), 11.43(477), 10.45(474),  9.68(481),  9.62(470),  9.48(478),  9.28(462),  8.87(436),  8.76(442),  7.12(445),  6.70(441),  6.68(468),  6.24(466),  5.88(471),  5.37(459),  5.32(440),  5.31(475),  5.20(451),  4.90(461),  4.66(480),  4.50(463),  4.11(437),  3.77(472),  3.32(447),  3.25(479),  3.17(450),  2.93(456),  2.37(443),  2.36(455),  2.14(452),  1.82(457),  1.80(476),  1.69(454),  1.69(438),  1.53(444),  1.43(467),  1.35(453),  1.05(460),  1.01(464),  0.62(473),  0.48(449),  0.44(448),  0.35(465), 
Distant of points(mm) belongs the plane 9 (11 points): 
 6.19(489),  5.53(486),  4.70(484),  4.08(493),  3.77(490),  2.87(487),  2.62(488),  2.19(483),  1.56(485),  1.00(491),  0.08(492), 
