#Plane 0. 
3389.3228622045,5780.2983790081,-1402.3705625079 
-1679.5784393672,5782.3349590857,-1404.2281430265 
3332.3591910488,-4971.4448361469,-1460.0121273882 
-2625.2525563555,-4948.7297521035,-1462.0864838413 
-2579.3555788520,1520.2960234119,-1427.4008678465 
#ERRORs at Segment 3: 
,-1679.5784393657,5782.3349590857,-1404.2281430262 
 -2579.3555788520,1520.2960234119,-1427.4008678465 
#Plane 0. 
3389.3228622045,5780.2983790081,-1402.3705625079 
-1679.5784393672,5782.3349590857,-1404.2281430265 
3332.3591910488,-4971.4448361469,-1460.0121273882 
-2625.2525563555,-4948.7297521035,-1462.0864838413 
-2579.3555788520,1520.2960234119,-1427.4008678465 
#ERRORs at Segment 4: 
,-2625.2525563555,-4948.7297521047,-1462.0864838419 
 -2579.3555788519,1520.2960234145,-1427.4008678465 
#Plane 5. 
-1679.5784393657,5782.3349590857,-1404.2281430262 
-2601.7530282866,1414.2044176565,-1427.9776883831 
-2365.6290234997,5784.2819179742,-729.9207569825 
#ERRORs at Segment 0: 
,-1679.5784393657,5782.3349590857,-1404.2281430262 
 -2601.7530282866,1414.2044176565,-1427.9776883831 
#Plane 5. 
-1679.5784393657,5782.3349590857,-1404.2281430262 
-2601.7530282866,1414.2044176565,-1427.9776883831 
-2365.6290234997,5784.2819179742,-729.9207569825 
#ERRORs at Segment 2: 
,-2365.6290234984,5784.2819179755,-729.9207569811 
 -2601.7530282860,1414.2044176587,-1427.9776883832 
#Plane 6. 
-2365.6290234984,5784.2819179755,-729.9207569811 
-2588.0434448167,1667.9352584174,-1387.4478414664 
-2742.7439951151,5788.8384363987,1047.8388641957 
-2776.2567530104,1328.1594599698,-641.8599625823 
#ERRORs at Segment 0: 
,-2365.6290234984,5784.2819179755,-729.9207569811 
 -2588.0434448167,1667.9352584174,-1387.4478414664 
#Plane 6. 
-2365.6290234984,5784.2819179755,-729.9207569811 
-2588.0434448167,1667.9352584174,-1387.4478414664 
-2742.7439951151,5788.8384363987,1047.8388641957 
-2776.2567530104,1328.1594599698,-641.8599625823 
#ERRORs at Segment 3: 
,-2776.2567530092,1328.1594599538,-641.8599625832 
 -2588.0434448136,1667.9352584225,-1387.4478414689 
#Plane 7. 
-2776.2567530092,1328.1594599538,-641.8599625832 
-2578.1817859592,1685.7382131849,-1426.5138000774 
-2828.5115635872,-4947.9547695062,-644.4305353330 
-2625.2525563555,-4948.7297521052,-1462.0864838415 
#ERRORs at Segment 0: 
,-2776.2567530092,1328.1594599538,-641.8599625832 
 -2578.1817859592,1685.7382131849,-1426.5138000774 
#Plane 7. 
-2776.2567530092,1328.1594599538,-641.8599625832 
-2578.1817859592,1685.7382131849,-1426.5138000774 
-2828.5115635872,-4947.9547695062,-644.4305353330 
-2625.2525563555,-4948.7297521052,-1462.0864838415 
#ERRORs at Segment 3: 
,-2625.2525563555,-4948.7297521047,-1462.0864838419 
 -2578.1817859617,1685.7382131868,-1426.5138000772 
