CHECKING DISTANT FROM POINTS TO AVERAGE PLANE TO REMOVE INCORRECT POINT. 

Distant of points(mm) belongs the plane 0 (79 points): 
17.13(408), 14.92(406), 13.51(342), 12.56(407),  9.77(345),  8.39(363),  8.08(389),  7.69(379),  7.41(387),  7.09(384),  6.98(352),  6.83(351),  6.74(343),  6.65(371),  6.64(405),  6.64(355),  6.30(416),  6.20(357),  6.19(354),  6.09(417),  6.08(419),  5.54(350),  5.19(398),  5.16(394),  5.10(360),  5.09(373),  4.81(395),  4.74(415),  4.30(356),  4.18(393),  4.17(362),  4.05(349),  3.91(420),  3.89(383),  3.81(378),  3.54(365),  3.51(369),  3.48(400),  3.36(413),  3.33(366),  3.31(391),  3.18(348),  3.18(380),  3.14(359),  3.00(346),  2.94(377),  2.91(368),  2.87(374),  2.86(390),  2.84(409),  2.51(382),  2.34(396),  2.25(418),  2.21(385),  2.16(399),  1.95(364),  1.93(412),  1.83(404),  1.82(421),  1.81(392),  1.65(386),  1.56(401),  1.50(367),  1.21(411),  1.13(414),  1.08(388),  0.97(347),  0.80(410),  0.66(402),  0.65(375),  0.64(381),  0.60(361),  0.60(370),  0.53(358),  0.47(376),  0.46(372),  0.22(353),  0.16(403),  0.12(397), 
Distant of points(mm) belongs the plane 1 (43 points): 
 6.51(310),  5.71(311),  4.89(337),  4.56(300),  4.01(341),  3.84(331),  3.77(309),  3.68(338),  3.22(299),  3.15(330),  3.06(340),  2.97(323),  2.96(302),  2.83(325),  2.69(312),  2.60(301),  2.42(305),  2.18(304),  2.12(339),  2.01(322),  2.00(317),  2.00(336),  1.80(320),  1.73(333),  1.24(308),  1.17(319),  1.11(303),  1.10(327),  1.08(326),  1.05(307),  1.04(306),  1.03(335),  0.90(324),  0.77(332),  0.74(313),  0.66(314),  0.57(316),  0.40(321),  0.40(318),  0.32(329),  0.31(334),  0.19(328),  0.03(315), 
Distant of points(mm) belongs the plane 5 (8 points): 
 4.56(427),  4.13(428),  2.47(422),  1.60(425),  1.31(424),  0.93(426),  0.21(423),  0.15(429), 
Distant of points(mm) belongs the plane 6 (11 points): 
11.67(434),  8.13(431),  6.63(439),  5.49(432),  4.34(438),  4.20(437),  3.84(435),  3.36(440),  2.04(430),  2.04(436),  1.05(433), 
Distant of points(mm) belongs the plane 7 (12 points): 
 3.76(448),  3.62(441),  3.59(449),  2.84(450),  2.58(452),  2.02(444),  0.76(451),  0.48(445),  0.42(446),  0.30(447),  0.08(442),  0.02(443), 
Distant of points(mm) belongs the plane 8 (53 points): 
11.24(465), 10.68(466), 10.18(453),  8.83(499),  7.10(467),  6.86(455),  6.58(469),  6.48(498),  6.37(471),  6.24(476),  5.95(473),  5.78(501),  5.78(491),  5.77(457),  5.63(478),  5.32(492),  5.29(475),  5.18(495),  4.82(463),  4.73(472),  4.72(502),  4.64(474),  4.27(484),  4.16(485),  3.56(505),  3.36(482),  3.09(477),  2.72(456),  2.68(494),  2.57(460),  2.54(489),  2.40(461),  2.26(503),  2.14(496),  2.13(458),  2.12(480),  2.03(497),  2.01(479),  1.97(459),  1.58(488),  1.53(500),  1.30(493),  1.13(470),  1.10(468),  1.01(487),  0.86(454),  0.74(483),  0.57(481),  0.47(464),  0.37(490),  0.32(486),  0.25(504),  0.13(462), 
Distant of points(mm) belongs the plane 9 (16 points): 
 9.30(506),  6.50(520),  5.69(516),  5.18(511),  4.26(508),  4.08(509),  3.88(510),  3.70(521),  3.18(519),  3.07(517),  3.01(512),  1.40(514),  1.35(507),  0.99(513),  0.73(515),  0.55(518), 
