CHECKING DISTANT FROM POINTS TO AVERAGE PLANE TO REMOVE INCORRECT POINT. 

Distant of points(mm) belongs the plane 0 (58 points): 
23.06(66), 21.76(31), 20.94(45), 20.61(46), 19.83(32), 19.65(65), 19.55(47), 19.26(30), 19.01(29), 15.36(33), 15.11(64), 14.75(49), 14.74(48), 13.72(28), 12.66(40), 12.26(52), 12.20(58), 12.19(27), 12.17(59), 11.64(34), 11.51(63), 10.83(26), 10.08(14),  9.77(57),  9.29(56),  9.09(50),  8.88(39),  8.40(42),  7.50(41),  7.47(62),  7.22(9),  7.15(51),  6.82(10),  6.44(25),  6.27(38),  5.92(15),  5.62(44),  5.54(53),  5.50(19),  5.49(43),  4.98(24),  4.71(61),  4.70(22),  4.52(17),  4.44(55),  4.38(35),  4.37(21),  3.91(37),  3.75(60),  3.41(20),  3.17(13),  3.04(54),  2.55(11),  0.80(16),  0.80(23),  0.32(12),  0.26(18),  0.26(36), 
Distant of points(mm) belongs the plane 1 (59 points): 
26.51(89), 26.08(88), 25.81(87), 24.33(76), 24.20(69), 24.05(90), 23.21(72), 22.94(67), 21.57(68), 20.70(91), 20.06(78), 19.45(86), 19.23(79), 18.74(77), 18.70(104), 18.33(92), 18.12(105), 18.05(93), 18.05(85), 17.90(118), 17.90(75), 17.80(70), 15.27(117), 14.64(84), 13.02(97), 12.98(94), 12.63(119), 12.62(96), 12.36(98), 12.30(83), 11.88(82), 11.86(116), 11.59(106),  9.68(110),  9.31(115),  8.58(103),  7.12(120),  7.10(81),  6.90(102),  6.86(95),  6.65(114),  6.41(74),  6.11(109),  5.99(99),  4.98(73),  4.45(108),  4.12(107),  3.97(113),  3.65(121),  2.32(100),  2.26(101),  2.05(124),  1.72(125),  1.33(112),  1.24(111),  0.74(80),  0.68(71),  0.62(123),  0.23(122), 
Distant of points(mm) belongs the plane 2 (118 points): 
13.16(210), 12.48(168), 12.14(132), 11.79(211), 11.36(237), 11.22(130), 11.22(239), 10.82(164), 10.71(167), 10.58(131), 10.50(166), 10.19(238), 10.16(235), 10.07(165),  9.60(219),  9.41(161),  9.36(129),  8.99(179),  8.90(163),  8.85(213),  8.83(214),  8.20(243),  8.19(212),  8.17(169),  8.12(170),  7.69(162),  7.55(160),  6.90(240),  6.85(180),  6.76(236),  6.74(126),  6.71(134),  6.61(206),  6.57(202),  6.32(133),  6.24(192),  6.10(198),  6.03(171),  5.88(226),  5.85(181),  5.72(127),  5.40(195),  5.35(197),  5.33(159),  5.27(215),  5.25(204),  5.16(176),  5.10(234),  5.07(205),  5.02(207),  4.98(218),  4.96(138),  4.74(135),  4.66(203),  4.59(227),  4.51(208),  4.44(224),  4.42(199),  4.42(201),  4.28(200),  4.09(152),  4.06(172),  3.90(173),  3.50(190),  3.50(182),  3.49(191),  3.40(231),  3.35(220),  3.32(228),  3.31(153),  3.24(225),  3.07(183),  3.01(137),  2.95(242),  2.95(233),  2.95(174),  2.88(136),  2.87(189),  2.85(196),  2.85(229),  2.61(177),  2.54(217),  2.53(156),  2.47(230),  2.44(158),  2.43(209),  2.39(184),  2.34(142),  2.31(232),  2.26(149),  2.26(145),  2.07(187),  2.07(151),  1.95(188),  1.94(154),  1.92(175),  1.91(128),  1.91(194),  1.91(155),  1.72(223),  1.63(143),  1.63(221),  1.40(140),  1.34(216),  1.24(157),  1.22(186),  1.17(178),  1.13(148),  1.01(139),  0.94(222),  0.83(241),  0.80(185),  0.70(193),  0.70(141),  0.48(150),  0.24(144),  0.19(147),  0.04(146), 
Distant of points(mm) belongs the plane 3 (83 points): 
 7.99(307),  7.90(268),  7.48(292),  6.29(293),  6.23(269),  5.95(326),  5.74(306),  5.72(317),  5.34(291),  4.60(294),  4.44(250),  4.43(315),  4.34(287),  4.21(308),  4.08(251),  4.08(275),  4.07(290),  4.06(286),  4.05(266),  4.05(325),  3.72(270),  3.72(285),  3.56(271),  3.41(284),  3.24(249),  3.13(276),  3.10(252),  3.02(320),  2.91(309),  2.91(256),  2.87(245),  2.77(319),  2.62(274),  2.60(273),  2.60(295),  2.56(324),  2.55(322),  2.41(321),  2.32(267),  2.19(254),  2.15(253),  2.04(311),  2.03(316),  1.96(303),  1.96(289),  1.88(246),  1.85(282),  1.83(296),  1.75(244),  1.74(248),  1.66(255),  1.63(257),  1.58(305),  1.49(313),  1.48(288),  1.45(262),  1.40(265),  1.40(301),  1.33(281),  1.29(280),  1.28(277),  1.27(314),  1.25(259),  1.24(261),  1.23(272),  0.93(278),  0.91(323),  0.82(247),  0.79(264),  0.78(310),  0.69(263),  0.67(279),  0.55(258),  0.55(302),  0.41(297),  0.32(298),  0.28(299),  0.23(312),  0.20(260),  0.17(300),  0.15(318),  0.15(304),  0.13(283), 
Distant of points(mm) belongs the plane 4 (72 points): 
16.74(398), 16.69(391), 14.13(385), 12.09(384), 10.71(389), 10.58(397), 10.22(361),  9.80(388),  9.19(387),  9.17(368),  8.83(327),  8.82(374),  8.42(392),  8.37(360),  8.17(390),  7.98(348),  7.90(383),  7.54(386),  7.34(369),  7.24(365),  6.82(359),  6.81(375),  6.76(349),  6.73(358),  6.67(328),  6.27(366),  6.04(329),  5.99(345),  5.87(379),  5.81(362),  5.69(350),  5.56(344),  5.42(376),  5.03(378),  5.02(353),  4.99(342),  4.80(367),  4.80(343),  4.73(382),  4.27(352),  4.26(351),  3.57(354),  3.53(381),  3.23(394),  3.10(370),  2.98(331),  2.92(363),  2.62(396),  2.50(337),  2.47(347),  2.29(332),  2.20(338),  2.03(330),  2.01(346),  1.86(339),  1.82(371),  1.74(333),  1.74(335),  1.58(377),  1.45(373),  1.32(395),  1.31(357),  0.89(364),  0.74(355),  0.57(334),  0.54(336),  0.44(341),  0.32(340),  0.31(372),  0.23(356),  0.11(393),  0.05(380), 
Distant of points(mm) belongs the plane 5 (67 points): 
14.03(409), 13.64(421), 11.55(440), 10.93(407), 10.65(410), 10.02(422),  9.95(441),  9.93(426),  9.85(424),  9.64(442),  9.34(408),  9.31(443),  8.87(463),  8.85(420),  8.67(461),  8.66(460),  8.46(462),  7.85(458),  7.82(464),  7.82(419),  7.58(406),  7.28(411),  7.20(444),  7.12(423),  6.93(400),  6.69(465),  6.59(430),  6.55(431),  6.45(432),  6.20(437),  6.19(451),  6.03(401),  6.03(429),  5.95(425),  5.92(403),  5.75(405),  5.73(459),  5.71(450),  5.66(439),  5.46(412),  5.34(428),  5.24(399),  5.01(402),  4.74(404),  4.65(445),  4.55(449),  4.38(452),  4.02(438),  3.87(446),  3.58(427),  3.51(418),  3.36(453),  3.22(433),  2.72(455),  2.63(457),  2.41(447),  2.36(434),  2.35(456),  2.31(413),  2.27(454),  2.08(415),  1.92(436),  1.40(448),  1.19(416),  1.18(414),  1.00(417),  0.71(435), 
Distant of points(mm) belongs the plane 6 (39 points): 
 9.34(468),  7.83(475),  5.66(474),  5.61(472),  4.61(497),  4.38(486),  4.19(493),  4.15(487),  4.06(492),  3.86(503),  3.58(495),  3.30(473),  3.22(476),  3.10(483),  2.89(467),  2.83(494),  2.79(488),  2.51(485),  2.38(479),  2.36(470),  2.07(490),  2.03(502),  1.97(466),  1.88(482),  1.76(489),  1.60(471),  1.43(480),  1.35(500),  1.26(498),  1.00(496),  0.97(484),  0.97(481),  0.71(501),  0.54(491),  0.35(504),  0.23(478),  0.14(499),  0.10(469),  0.06(477), 
Distant of points(mm) belongs the plane 7 (51 points): 
 8.93(534),  8.92(510),  8.77(525),  8.74(551),  7.80(521),  7.47(520),  6.43(536),  6.43(532),  6.23(535),  5.97(513),  5.47(509),  5.42(511),  4.30(505),  4.27(512),  4.21(524),  4.13(541),  4.12(522),  4.08(549),  3.90(545),  3.68(538),  3.42(547),  3.16(519),  3.15(552),  3.06(544),  3.00(537),  2.96(543),  2.89(539),  2.30(516),  2.29(530),  2.14(553),  2.11(518),  2.06(526),  2.06(517),  1.87(542),  1.74(555),  1.71(507),  1.67(531),  1.53(506),  1.51(540),  1.43(528),  1.40(546),  1.32(527),  1.30(514),  1.09(529),  0.88(515),  0.78(523),  0.75(554),  0.65(550),  0.35(533),  0.32(548),  0.05(508), 
Distant of points(mm) belongs the plane 8 (29 points): 
 5.80(579),  5.50(570),  5.27(585),  4.99(556),  4.76(584),  4.48(561),  3.10(566),  2.89(568),  2.72(567),  2.47(582),  2.43(581),  2.39(559),  2.38(557),  2.10(576),  1.99(577),  1.84(562),  1.79(563),  1.70(560),  1.70(558),  1.66(578),  1.59(574),  1.56(569),  1.45(580),  1.30(565),  1.26(564),  1.14(571),  1.10(583),  1.01(573),  0.18(575), 
Distant of points(mm) belongs the plane 9 (85 points): 
18.43(616), 17.66(670), 16.99(634), 14.30(650), 13.71(635), 11.94(632), 11.80(653), 11.20(655), 10.85(598), 10.30(637), 10.29(615), 10.06(613),  9.86(596),  9.77(595),  9.55(652),  9.38(668),  9.26(599),  9.20(649),  9.19(618),  8.21(648),  7.63(661),  7.27(644),  7.20(589),  7.18(657),  7.16(656),  6.85(600),  6.48(667),  6.39(662),  6.20(588),  5.71(593),  5.24(666),  5.22(586),  4.97(625),  4.60(612),  4.52(626),  4.47(587),  4.29(592),  4.22(611),  4.17(638),  4.06(601),  3.45(663),  3.42(604),  3.39(605),  3.35(643),  3.24(639),  3.24(597),  3.24(610),  2.97(664),  2.94(607),  2.89(647),  2.87(658),  2.58(669),  2.43(651),  2.32(628),  2.18(624),  2.15(630),  2.14(619),  1.92(606),  1.86(602),  1.51(614),  1.46(629),  1.43(659),  1.36(645),  1.31(642),  1.25(660),  1.23(594),  1.12(621),  1.11(609),  1.05(633),  1.03(608),  1.00(641),  0.99(620),  0.95(640),  0.94(590),  0.87(591),  0.86(631),  0.76(603),  0.72(623),  0.68(622),  0.66(636),  0.60(627),  0.42(617),  0.35(665),  0.20(654),  0.07(646), 
Distant of points(mm) belongs the plane 10 (25 points): 
 8.74(692),  6.36(675),  6.03(688),  5.08(686),  4.90(693),  4.68(682),  4.59(679),  4.38(685),  3.86(695),  3.44(671),  2.99(673),  2.86(691),  2.16(678),  2.15(676),  1.93(694),  1.93(674),  1.62(680),  1.41(683),  1.34(672),  1.23(681),  1.02(684),  0.79(687),  0.75(677),  0.65(689),  0.26(690), 
