CHECKING DISTANT FROM POINTS TO AVERAGE PLANE TO REMOVE INCORRECT POINT. 

Distant of points(mm) belongs the plane 0 (51 points): 
 8.93(534),  8.92(510),  8.77(525),  8.74(551),  7.80(521),  7.47(520),  6.43(536),  6.43(532),  6.23(535),  5.97(513),  5.47(509),  5.42(511),  4.30(505),  4.27(512),  4.21(524),  4.13(541),  4.12(522),  4.08(549),  3.90(545),  3.68(538),  3.42(547),  3.16(519),  3.15(552),  3.06(544),  3.00(537),  2.96(543),  2.89(539),  2.30(516),  2.29(530),  2.14(553),  2.11(518),  2.06(526),  2.06(517),  1.87(542),  1.74(555),  1.71(507),  1.67(531),  1.53(506),  1.51(540),  1.43(528),  1.40(546),  1.32(527),  1.30(514),  1.09(529),  0.88(515),  0.78(523),  0.75(554),  0.65(550),  0.35(533),  0.32(548),  0.05(508), 
Distant of points(mm) belongs the plane 1 (39 points): 
 9.34(468),  7.83(475),  5.66(474),  5.61(472),  4.61(497),  4.38(486),  4.19(493),  4.15(487),  4.06(492),  3.86(503),  3.58(495),  3.30(473),  3.22(476),  3.10(483),  2.89(467),  2.83(494),  2.79(488),  2.51(485),  2.38(479),  2.36(470),  2.07(490),  2.03(502),  1.97(466),  1.88(482),  1.76(489),  1.60(471),  1.43(480),  1.35(500),  1.26(498),  1.00(496),  0.97(484),  0.97(481),  0.71(501),  0.54(491),  0.35(504),  0.23(478),  0.14(499),  0.10(469),  0.06(477), 
Distant of points(mm) belongs the plane 5 (29 points): 
 5.80(579),  5.50(570),  5.27(585),  4.99(556),  4.76(584),  4.48(561),  3.10(566),  2.89(568),  2.72(567),  2.47(582),  2.43(581),  2.39(559),  2.38(557),  2.10(576),  1.99(577),  1.84(562),  1.79(563),  1.70(560),  1.70(558),  1.66(578),  1.59(574),  1.56(569),  1.45(580),  1.30(565),  1.26(564),  1.14(571),  1.10(583),  1.01(573),  0.18(575), 
Distant of points(mm) belongs the plane 6 (85 points): 
18.43(616), 17.66(670), 16.99(634), 14.30(650), 13.71(635), 11.94(632), 11.80(653), 11.20(655), 10.85(598), 10.30(637), 10.29(615), 10.06(613),  9.86(596),  9.77(595),  9.55(652),  9.38(668),  9.26(599),  9.20(649),  9.19(618),  8.21(648),  7.63(661),  7.27(644),  7.20(589),  7.18(657),  7.16(656),  6.85(600),  6.48(667),  6.39(662),  6.20(588),  5.71(593),  5.24(666),  5.22(586),  4.97(625),  4.60(612),  4.52(626),  4.47(587),  4.29(592),  4.22(611),  4.17(638),  4.06(601),  3.45(663),  3.42(604),  3.39(605),  3.35(643),  3.24(639),  3.24(597),  3.24(610),  2.97(664),  2.94(607),  2.89(647),  2.87(658),  2.58(669),  2.43(651),  2.32(628),  2.18(624),  2.15(630),  2.14(619),  1.92(606),  1.86(602),  1.51(614),  1.46(629),  1.43(659),  1.36(645),  1.31(642),  1.25(660),  1.23(594),  1.12(621),  1.11(609),  1.05(633),  1.03(608),  1.00(641),  0.99(620),  0.95(640),  0.94(590),  0.87(591),  0.86(631),  0.76(603),  0.72(623),  0.68(622),  0.66(636),  0.60(627),  0.42(617),  0.35(665),  0.20(654),  0.07(646), 
Distant of points(mm) belongs the plane 7 (25 points): 
 8.74(692),  6.36(675),  6.03(688),  5.08(686),  4.90(693),  4.68(682),  4.59(679),  4.38(685),  3.86(695),  3.44(671),  2.99(673),  2.86(691),  2.16(678),  2.15(676),  1.93(694),  1.93(674),  1.62(680),  1.41(683),  1.34(672),  1.23(681),  1.02(684),  0.79(687),  0.75(677),  0.65(689),  0.26(690), 
