CHECKING DISTANT FROM POINTS TO AVERAGE PLANE TO REMOVE INCORRECT POINT. 

Distant of points(mm) belongs the plane 0 (30 points): 
 6.60(195),  5.98(189),  5.93(181),  5.62(174),  5.31(175),  5.31(199),  5.30(179),  4.86(180),  4.63(187),  4.17(191),  4.01(200),  3.49(196),  3.27(193),  2.40(184),  2.28(185),  2.26(176),  2.19(202),  1.75(182),  1.65(197),  1.63(203),  1.61(192),  1.61(188),  1.34(198),  1.07(201),  1.00(186),  0.57(178),  0.54(183),  0.44(177),  0.28(190),  0.20(194), 
Distant of points(mm) belongs the plane 1 (20 points): 
 5.81(113),  5.73(114),  4.61(112),  4.53(120),  3.69(122),  3.07(126),  2.98(125),  2.83(124),  2.76(116),  2.67(128),  1.74(115),  1.63(111),  1.47(117),  0.97(121),  0.89(123),  0.54(118),  0.40(119),  0.39(127),  0.35(110),  0.23(109), 
Distant of points(mm) belongs the plane 4 (45 points): 
20.87(136), 20.07(151), 18.99(150), 18.24(152), 15.23(137), 14.18(130), 14.13(141), 13.95(135), 13.59(148), 13.49(145), 12.84(134), 11.97(153), 11.67(158), 11.63(163), 11.50(157), 11.32(164), 10.81(143), 10.69(162), 10.67(159),  9.56(165),  8.53(166),  8.27(133),  8.08(144),  7.40(138),  7.35(156),  6.57(154),  5.45(147),  5.29(149),  5.22(129),  4.95(146),  4.78(132),  4.44(142),  3.88(170),  2.89(173),  2.72(161),  2.50(171),  2.34(160),  2.00(131),  1.75(139),  1.55(140),  1.34(167),  1.25(172),  1.02(169),  0.46(155),  0.14(168), 
Distant of points(mm) belongs the plane 5 (10 points): 
 6.51(207),  6.10(213),  4.13(204),  4.02(205),  3.38(209),  2.17(210),  1.68(208),  1.49(212),  0.80(211),  0.49(206), 
Distant of points(mm) belongs the plane 6 (15 points): 
11.96(214),  8.51(221),  7.07(224),  4.82(225),  4.52(220),  4.30(219),  3.74(218),  2.46(223),  2.22(222),  1.43(216),  1.42(227),  1.10(215),  1.04(228),  0.97(217),  0.73(226), 
Distant of points(mm) belongs the plane 7 (24 points): 
 8.77(241),  8.04(252),  7.68(247),  6.02(233),  5.55(229),  5.29(234),  5.12(232),  4.74(244),  4.09(248),  3.53(230),  3.47(251),  3.45(243),  3.17(246),  3.04(237),  2.18(238),  2.09(240),  1.10(236),  1.08(245),  0.99(235),  0.69(231),  0.52(242),  0.22(250),  0.21(239),  0.03(249), 
Distant of points(mm) belongs the plane 8 (8 points): 
 9.24(259),  8.65(258),  7.85(260),  7.58(255),  7.00(256),  4.99(257),  4.13(254),  2.44(253), 
