CHECKING DISTANT FROM POINTS TO AVERAGE PLANE TO REMOVE INCORRECT POINT. 

Distant of points(mm) belongs the plane 0 (25 points): 
28.57(28), 22.40(22), 13.84(17), 13.10(18), 13.07(29),  7.45(27),  7.28(15),  6.09(9),  6.03(24),  4.40(31),  4.37(23),  4.12(8),  4.03(21),  3.46(6),  2.87(7),  2.81(25),  2.72(5),  1.97(12),  1.92(11),  1.82(13),  1.79(19),  1.60(14),  1.12(10),  0.86(36),  0.23(20), 
Distant of points(mm) belongs the plane 1 (23 points): 
18.01(38), 14.28(44),  6.28(51),  5.76(56),  5.21(43),  5.20(48),  4.51(49),  3.95(62),  3.42(61),  2.60(59),  2.53(39),  2.43(53),  2.37(45),  2.36(46),  1.60(54),  1.51(63),  1.42(57),  1.15(55),  1.03(58),  0.73(52),  0.68(47),  0.67(60),  0.05(50), 
Distant of points(mm) belongs the plane 2 (29 points): 
14.11(84), 13.36(79), 11.81(97), 11.17(64), 10.50(69), 10.07(72),  9.92(66),  9.85(95),  9.61(65),  8.49(68),  7.33(80),  5.74(73),  5.58(94),  5.09(87),  4.71(90),  4.55(70),  4.47(86),  4.15(83),  3.22(78),  2.92(82),  2.89(75),  2.27(76),  2.21(81),  1.83(74),  1.22(77),  1.21(93),  1.08(85),  0.59(91),  0.30(67), 
Distant of points(mm) belongs the plane 3 (18 points): 
 7.63(101),  6.34(108),  5.10(99),  2.96(103),  2.81(104),  2.81(107),  2.56(115),  2.13(98),  2.01(105),  1.77(102),  1.44(114),  1.06(106),  0.84(111),  0.81(100),  0.34(113),  0.26(110),  0.06(109),  0.05(112), 
Distant of points(mm) belongs the plane 4 (6 points): 
 8.33(119),  4.72(116),  2.69(120),  1.98(117),  0.54(118),  0.52(121), 
Distant of points(mm) belongs the plane 5 (18 points): 
18.41(134),  8.36(135),  5.78(126),  5.76(136),  4.94(137),  4.89(123),  4.15(125),  4.15(127),  3.65(130),  2.77(129),  2.71(133),  2.45(132),  2.27(124),  2.16(128),  1.92(138),  1.76(122),  1.48(131),  0.01(139), 
Distant of points(mm) belongs the plane 6 (24 points): 
10.63(162),  6.77(144),  6.16(161),  4.94(158),  4.70(159),  4.54(146),  4.24(155),  4.18(153),  3.84(147),  3.69(154),  3.24(140),  2.69(149),  2.58(152),  2.21(151),  2.09(156),  2.00(157),  1.55(142),  1.28(160),  1.24(141),  1.19(164),  1.12(148),  1.04(163),  1.01(145),  0.08(150), 
