CHECKING DISTANT FROM POINTS TO AVERAGE PLANE TO REMOVE INCORRECT POINT. 

Distant of points(mm) belongs the plane 0 (64 points): 
22.98(64), 17.18(25), 17.18(9), 16.89(33), 14.63(24), 13.98(63), 13.92(34), 12.97(23), 12.90(41), 12.65(10), 12.56(62), 12.48(32), 12.03(49), 11.00(71), 10.99(56), 10.42(65), 10.09(11),  9.41(35),  8.97(72),  8.86(31),  8.68(55),  8.22(22),  7.92(16),  7.92(36),  7.74(44),  7.63(70),  7.60(47),  7.52(42),  7.15(26),  7.06(61),  6.44(37),  6.33(15),  6.33(30),  6.24(18),  5.69(29),  5.57(27),  5.41(50),  5.32(54),  5.29(69),  5.14(40),  5.13(43),  4.84(66),  4.60(60),  4.21(13),  4.03(48),  3.99(51),  3.94(28),  3.81(17),  3.76(58),  3.26(45),  2.93(53),  2.87(38),  2.80(14),  2.70(39),  2.62(57),  2.06(20),  1.97(68),  1.68(19),  1.66(12),  1.60(67),  1.55(21),  1.54(52),  0.20(46),  0.20(59), 
Distant of points(mm) belongs the plane 1 (61 points): 
18.39(125), 15.70(124), 14.90(79), 13.73(133), 13.63(73), 13.49(84), 13.43(74), 13.23(96), 13.10(132), 13.09(110), 12.36(131), 12.02(95), 11.83(123), 11.53(118), 11.34(78), 11.20(97), 10.81(94), 10.73(85), 10.68(92),  9.88(93),  9.54(130),  9.49(86),  9.34(83),  9.06(126),  8.96(98),  8.69(99),  7.88(111),  7.56(91),  7.42(87),  7.35(102),  7.32(90),  7.09(103),  6.12(77),  6.06(112),  5.82(122),  5.66(80),  5.65(119),  5.08(82),  5.01(89),  4.94(76),  4.90(104),  4.76(129),  4.29(75),  4.26(113),  4.12(127),  3.86(81),  3.85(117),  3.71(105),  3.53(114),  3.45(106),  3.35(109),  3.33(107),  3.28(108),  3.14(88),  2.86(120),  2.34(100),  1.26(115),  0.96(121),  0.90(116),  0.89(128),  0.02(101), 
Distant of points(mm) belongs the plane 2 (108 points): 
22.77(141), 17.18(140), 14.59(174), 14.32(177), 14.19(176), 12.28(175), 11.55(218), 11.50(178), 11.43(142), 11.40(227), 10.48(179), 10.38(170), 10.29(139),  9.80(144),  9.72(169),  9.70(145),  8.89(143),  8.58(195),  8.57(171),  8.38(172),  8.35(226),  7.65(235),  7.51(180),  7.22(162),  7.05(208),  6.80(225),  6.79(197),  6.77(212),  6.66(196),  6.50(232),  6.01(157),  5.98(167),  5.98(173),  5.93(168),  5.91(231),  5.80(166),  5.72(194),  5.40(147),  5.26(154),  5.23(207),  5.19(221),  5.14(153),  5.00(213),  4.89(224),  4.85(146),  4.79(198),  4.69(181),  4.48(149),  4.44(155),  4.34(148),  4.33(188),  4.31(220),  4.23(184),  3.98(193),  3.81(150),  3.69(223),  3.67(185),  3.62(239),  3.44(158),  3.31(156),  3.28(186),  3.25(200),  3.07(138),  2.96(233),  2.93(214),  2.80(151),  2.79(202),  2.73(206),  2.65(201),  2.56(136),  2.54(216),  2.51(159),  2.41(187),  2.40(204),  2.38(160),  2.34(203),  2.32(190),  2.20(199),  2.20(191),  2.15(238),  2.09(209),  2.03(236),  2.02(219),  1.88(152),  1.84(210),  1.80(237),  1.77(215),  1.72(211),  1.69(137),  1.51(134),  1.47(161),  1.46(229),  1.23(192),  1.22(135),  1.16(217),  1.13(228),  1.09(230),  1.00(240),  0.95(182),  0.93(189),  0.89(234),  0.65(241),  0.64(165),  0.63(163),  0.55(164),  0.55(222),  0.42(205),  0.21(183), 
Distant of points(mm) belongs the plane 3 (62 points): 
10.20(268),  9.76(292),  9.58(269),  8.48(270),  7.90(271),  7.77(283),  7.07(272),  7.01(264),  7.01(300),  6.52(267),  6.31(299),  5.80(273),  5.77(265),  5.76(287),  5.63(282),  5.59(253),  5.53(281),  5.31(255),  5.19(280),  5.00(278),  4.91(248),  4.87(245),  4.79(266),  4.72(301),  4.65(279),  4.44(296),  4.40(298),  4.38(246),  4.20(247),  4.06(288),  3.96(254),  3.84(275),  3.82(274),  3.80(302),  3.74(290),  3.73(297),  3.59(295),  3.55(249),  3.51(286),  3.47(250),  3.46(289),  3.42(294),  3.40(256),  3.26(257),  2.97(252),  2.68(276),  2.61(285),  2.56(303),  2.54(244),  2.02(251),  1.97(243),  1.67(258),  1.50(242),  1.21(277),  1.03(260),  0.73(259),  0.71(284),  0.69(293),  0.64(263),  0.30(262),  0.16(261),  0.03(291), 
Distant of points(mm) belongs the plane 4 (64 points): 
13.05(365), 10.60(348), 10.29(366),  9.73(338),  9.64(361),  8.79(354),  8.45(317),  7.90(339),  7.80(347),  7.74(364),  7.46(352),  6.83(355),  6.27(353),  6.23(343),  5.93(346),  5.67(337),  5.40(340),  5.07(349),  4.53(363),  4.23(327),  4.03(367),  4.03(331),  3.99(330),  3.99(356),  3.93(312),  3.72(350),  3.60(316),  3.55(357),  3.22(341),  3.12(322),  3.09(323),  2.53(345),  2.49(319),  2.34(335),  2.25(360),  2.23(314),  2.22(334),  2.15(311),  2.13(313),  2.13(342),  1.97(336),  1.72(310),  1.63(362),  1.45(315),  1.44(304),  1.36(328),  1.34(321),  1.30(344),  1.26(329),  1.21(318),  1.19(324),  1.12(305),  0.89(332),  0.80(333),  0.79(306),  0.58(325),  0.52(320),  0.48(307),  0.42(359),  0.41(308),  0.38(309),  0.31(351),  0.20(358),  0.08(326), 
Distant of points(mm) belongs the plane 5 (58 points): 
17.45(418), 16.37(419), 12.25(401), 11.93(421), 11.73(420), 10.92(403), 10.39(400), 10.30(404), 10.22(376),  8.86(386),  8.51(402),  8.32(368),  8.19(369),  7.83(388),  7.83(417),  7.82(422),  7.71(405),  7.37(370),  6.80(399),  6.37(377),  6.01(395),  5.89(385),  5.06(371),  4.96(382),  4.80(372),  4.15(394),  4.08(406),  3.94(387),  3.90(396),  3.89(373),  3.58(392),  3.49(375),  3.40(423),  3.30(398),  3.24(390),  3.08(411),  2.96(397),  2.82(383),  2.76(393),  2.69(416),  2.59(408),  2.52(412),  2.52(389),  2.46(380),  2.46(407),  2.39(384),  2.30(378),  2.07(410),  2.05(374),  1.37(381),  0.95(415),  0.70(379),  0.69(425),  0.37(409),  0.31(391),  0.11(424),  0.11(414),  0.09(413), 
Distant of points(mm) belongs the plane 6 (38 points): 
 8.05(426),  6.78(427),  6.27(438),  6.25(431),  4.28(432),  3.91(440),  3.90(428),  3.74(437),  3.60(430),  3.36(441),  3.00(459),  2.87(435),  2.85(454),  2.71(451),  2.68(456),  2.48(446),  2.40(449),  2.20(447),  2.08(463),  2.01(429),  1.99(457),  1.91(444),  1.68(460),  1.46(433),  1.43(452),  1.05(442),  0.97(445),  0.75(453),  0.67(461),  0.66(458),  0.58(443),  0.46(462),  0.40(436),  0.37(439),  0.22(455),  0.21(450),  0.04(448),  0.01(434), 
Distant of points(mm) belongs the plane 7 (45 points): 
11.69(464), 10.39(468),  8.76(491),  7.68(477),  6.94(482),  6.68(490),  6.52(474),  6.45(469),  6.36(479),  5.72(489),  4.70(483),  4.69(500),  4.43(467),  4.40(505),  4.33(472),  4.28(494),  4.22(473),  4.14(466),  3.80(465),  3.69(501),  3.53(493),  3.19(496),  2.90(476),  2.76(502),  2.53(498),  2.46(485),  2.41(471),  2.35(484),  2.23(480),  2.23(497),  1.79(488),  1.74(507),  1.67(487),  1.57(504),  1.43(503),  1.23(478),  0.92(508),  0.89(481),  0.74(499),  0.64(506),  0.35(475),  0.31(470),  0.28(486),  0.14(495),  0.05(492), 
Distant of points(mm) belongs the plane 8 (25 points): 
 4.72(517),  3.33(525),  3.19(510),  3.01(529),  2.58(533),  2.40(530),  2.37(520),  2.17(522),  1.94(527),  1.87(526),  1.71(532),  1.32(512),  1.28(515),  1.20(513),  1.07(523),  0.99(509),  0.74(531),  0.61(528),  0.53(511),  0.45(516),  0.32(518),  0.30(519),  0.27(514),  0.25(524),  0.21(521), 
Distant of points(mm) belongs the plane 9 (87 points): 
13.40(596), 13.06(614), 12.57(616), 11.41(535), 10.81(534),  9.00(574),  8.17(536),  8.00(556),  7.75(583),  7.43(611),  7.14(609),  7.08(579),  7.00(540),  6.30(575),  6.20(565),  5.86(573),  5.74(562),  5.70(617),  5.50(594),  5.25(620),  5.14(551),  5.12(606),  4.95(550),  4.87(549),  4.87(605),  4.51(557),  4.45(584),  4.36(553),  4.34(597),  4.34(538),  4.24(613),  3.94(537),  3.79(599),  3.68(610),  3.55(555),  3.53(593),  3.44(612),  3.41(600),  3.39(590),  3.32(577),  3.26(591),  3.17(559),  3.06(541),  2.93(598),  2.74(621),  2.73(604),  2.67(603),  2.32(547),  2.08(567),  1.94(592),  1.93(542),  1.86(544),  1.85(618),  1.85(552),  1.83(572),  1.63(589),  1.51(566),  1.44(539),  1.35(588),  1.32(571),  1.25(578),  1.19(607),  1.19(595),  1.17(560),  1.15(587),  1.07(576),  1.06(580),  1.02(558),  0.99(569),  0.93(570),  0.92(615),  0.92(586),  0.76(561),  0.73(545),  0.71(582),  0.55(601),  0.52(619),  0.49(585),  0.45(608),  0.43(548),  0.40(564),  0.40(602),  0.36(563),  0.31(568),  0.07(546),  0.02(581),  0.01(554), 
Distant of points(mm) belongs the plane 10 (28 points): 
14.51(622), 11.33(647),  8.94(646),  8.35(638),  5.11(640),  4.95(649),  4.61(629),  3.53(628),  3.50(643),  3.08(623),  2.98(635),  2.88(648),  2.50(645),  2.49(627),  2.39(626),  2.19(644),  1.83(631),  1.75(637),  1.27(636),  0.94(632),  0.87(639),  0.78(642),  0.75(634),  0.40(625),  0.23(630),  0.15(633),  0.08(641),  0.02(624), 
