   Point ID     ,  Hz.(º ' "),  V.(º ' "),Slope Dist.(m),Refl.Ht.(m),Inst.Ht.(m),Easting(m),  Northing(m),  Height(m)
ADG             ,    0 00 01 ,   89 33 56,          0,      0.000,      0.000,            0,            0,          0
2               ,  294 03 58 ,   89 31 05,      2.916,      0.000,      0.000,       -2.662,        1.189,      0.025
3               ,  321 39 21 ,  144 17 43,      1.742,      0.000,      0.000,       -0.631,        0.797,     -1.415
4               ,  320 34 59 ,  144 17 43,      1.743,      0.000,      0.000,       -0.646,        0.786,     -1.416
5               ,  324 20 44 ,  143 43 26,      1.753,      0.000,      0.000,       -0.605,        0.843,     -1.413
6               ,  330 06 06 ,    6 28 27,      7.947,      0.000,      0.000,       -0.447,        0.777,      7.896
7               ,  341 30 28 ,    6 28 26,      7.946,      0.000,      0.000,       -0.284,        0.850,      7.895
8               ,  338 11 52 ,    5 58 31,      7.938,      0.000,      0.000,       -0.307,        0.767,      7.895
9               ,  336 56 03 ,   98 26 43,      7.267,      0.000,      0.000,       -2.816,        6.613,     -1.067
10              ,  336 56 24 ,   92 12 34,      7.199,      0.000,      0.000,       -2.818,        6.619,     -0.278
11              ,  336 56 29 ,   86 04 54,      7.206,      0.000,      0.000,       -2.816,        6.614,      0.492
12              ,  336 56 28 ,   80 31 30,      7.294,      0.000,      0.000,       -2.818,        6.620,      1.201
13              ,  336 56 19 ,   74 03 09,      7.472,      0.000,      0.000,       -2.814,        6.610,      2.053
14              ,  336 56 23 ,   69 15 10,      7.678,      0.000,      0.000,       -2.812,        6.606,      2.720
15              ,  336 56 26 ,   63 24 38,      8.022,      0.000,      0.000,       -2.810,        6.600,      3.590
16              ,  336 56 20 ,   58 07 35,      8.440,      0.000,      0.000,       -2.808,        6.595,      4.457
17              ,  336 56 27 ,   55 00 41,      8.735,      0.000,      0.000,       -2.803,        6.585,      5.009
18              ,  336 56 25 ,   51 04 28,      9.205,      0.000,      0.000,       -2.805,        6.589,      5.783
19              ,  336 56 27 ,   47 20 34,      9.716,      0.000,      0.000,       -2.799,        6.574,      6.584
20              ,  336 56 25 ,   45 05 51,     10.079,      0.000,      0.000,       -2.796,        6.568,      7.114
21              ,  347 36 50 ,   43 30 46,      9.774,      0.000,      0.000,       -1.443,        6.573,      7.088
22              ,  347 36 50 ,   47 09 24,      9.200,      0.000,      0.000,       -1.447,        6.589,      6.256
23              ,  347 36 49 ,   49 56 23,      8.815,      0.000,      0.000,       -1.447,        6.590,      5.673
24              ,  347 36 48 ,   54 39 37,      8.286,      0.000,      0.000,       -1.450,        6.602,      4.793
25              ,  347 36 48 ,   58 12 22,      7.964,      0.000,      0.000,       -1.452,        6.612,      4.196
26              ,  347 36 49 ,   63 12 19,      7.596,      0.000,      0.000,       -1.454,        6.623,      3.424
27              ,  347 36 48 ,   68 33 50,      7.281,      0.000,      0.000,       -1.454,        6.620,      2.661
28              ,  347 36 48 ,   73 50 59,      7.065,      0.000,      0.000,       -1.456,        6.628,      1.965
29              ,  347 36 49 ,   79 44 44,      6.898,      0.000,      0.000,       -1.456,        6.629,      1.228
30              ,  347 36 49 ,   85 55 23,      6.806,      0.000,      0.000,       -1.456,        6.631,      0.484
31              ,  347 36 49 ,   91 38 13,      6.795,      0.000,      0.000,       -1.457,        6.634,     -0.194
32              ,  347 36 49 ,   98 47 31,      6.872,      0.000,      0.000,       -1.457,        6.633,     -1.050
33              ,  353 02 40 ,   94 11 13,      6.704,      0.000,      0.000,       -0.810,        6.637,     -0.489
34              ,  357 02 57 ,   90 19 24,      6.648,      0.000,      0.000,       -0.342,        6.639,     -0.038
35              ,  357 03 05 ,   85 57 15,      6.670,      0.000,      0.000,       -0.342,        6.644,      0.471
36              ,  357 03 05 ,   79 30 52,      6.771,      0.000,      0.000,       -0.342,        6.649,      1.232
37              ,  357 03 05 ,   73 04 27,      6.953,      0.000,      0.000,       -0.342,        6.643,      2.024
38              ,  357 03 04 ,   67 50 37,      7.171,      0.000,      0.000,       -0.342,        6.633,      2.705
39              ,  357 03 06 ,   62 46 01,      7.463,      0.000,      0.000,       -0.341,        6.627,      3.415
40              ,  357 03 06 ,   57 29 23,      7.861,      0.000,      0.000,       -0.341,        6.620,      4.225
41              ,  357 03 07 ,   53 11 52,      8.258,      0.000,      0.000,       -0.340,        6.603,      4.947
42              ,  357 03 04 ,   48 06 56,      8.875,      0.000,      0.000,       -0.340,        6.598,      5.925
43              ,  357 03 04 ,   45 33 23,      9.246,      0.000,      0.000,       -0.340,        6.593,      6.474
44              ,  357 03 21 ,   42 27 03,      9.761,      0.000,      0.000,       -0.338,        6.580,      7.202
45              ,    6 52 53 ,   42 48 49,      9.755,      0.000,      0.000,        0.794,        6.582,      7.156
46              ,    6 52 53 ,   46 44 44,      9.128,      0.000,      0.000,        0.797,        6.600,      6.255
47              ,    6 52 51 ,   49 50 24,      8.710,      0.000,      0.000,        0.797,        6.608,      5.617
48              ,    6 52 47 ,   54 20 43,      8.203,      0.000,      0.000,        0.798,        6.617,      4.781
49              ,    6 52 49 ,   57 20 08,      7.927,      0.000,      0.000,        0.799,        6.625,      4.278
50              ,    6 52 49 ,   62 44 22,      7.516,      0.000,      0.000,        0.800,        6.634,      3.443
51              ,    5 27 22 ,   67 09 48,      7.236,      0.000,      0.000,        0.634,        6.638,      2.808
52              ,    5 27 18 ,   74 58 14,      6.921,      0.000,      0.000,        0.635,        6.654,      1.795
53              ,    2 46 14 ,   84 09 54,      6.696,      0.000,      0.000,        0.322,        6.653,      0.681
54              ,   12 06 15 ,   53 45 32,      8.387,      0.000,      0.000,        1.418,        6.614,      4.958
55              ,   12 05 34 ,   46 58 02,      9.234,      0.000,      0.000,        1.414,        6.600,      6.301
56              ,    8 44 42 ,   42 57 34,      9.771,      0.000,      0.000,        1.012,        6.582,      7.151
57              ,    8 44 44 ,   41 02 25,      9.939,      0.000,      0.000,        0.992,        6.450,      7.496
58              ,    8 44 26 ,   38 18 00,      9.986,      0.000,      0.000,        0.941,        6.117,      7.837
59              ,  357 02 33 ,   38 18 32,      9.946,      0.000,      0.000,       -0.318,        6.157,      7.804
60              ,  357 02 28 ,   41 09 09,      9.906,      0.000,      0.000,       -0.336,        6.510,      7.459
61              ,  347 57 33 ,   39 03 09,     10.029,      0.000,      0.000,       -1.318,        6.180,      7.789
62              ,  347 57 35 ,   41 08 06,     10.016,      0.000,      0.000,       -1.374,        6.444,      7.544
63              ,  342 16 06 ,   42 16 21,     10.138,      0.000,      0.000,       -2.077,        6.496,      7.502
64              ,  342 15 52 ,   39 20 47,     10.142,      0.000,      0.000,       -1.959,        6.124,      7.843
65              ,  337 30 56 ,   40 12 23,     10.268,      0.000,      0.000,       -2.535,        6.124,      7.842
66              ,  337 31 05 ,   43 08 19,     10.285,      0.000,      0.000,       -2.689,        6.498,      7.505
67              ,  341 30 34 ,   40 55 23,     10.156,      0.000,      0.000,       -2.110,        6.309,      7.673
68              ,  353 26 19 ,   39 30 01,      9.954,      0.000,      0.000,       -0.723,        6.290,      7.681
69              ,    3 08 24 ,   39 30 00,      9.924,      0.000,      0.000,        0.346,        6.303,      7.658
70              ,  335 40 13 ,   99 07 18,      6.671,      0.000,      0.000,       -2.714,        6.002,     -1.058
71              ,  334 18 23 ,   94 32 48,      6.275,      0.000,      0.000,       -2.712,        5.636,     -0.497
72              ,  336 03 30 ,   90 01 58,      6.673,      0.000,      0.000,       -2.708,        6.099,     -0.004
73              ,  336 03 36 ,   83 30 16,      6.706,      0.000,      0.000,       -2.704,        6.089,      0.759
74              ,  336 03 38 ,   77 26 18,      6.808,      0.000,      0.000,       -2.696,        6.074,      1.481
75              ,  336 03 37 ,   71 05 16,      7.024,      0.000,      0.000,       -2.696,        6.073,      2.277
76              ,  336 03 36 ,   63 11 56,      7.423,      0.000,      0.000,       -2.688,        6.055,      3.347
77              ,  336 03 33 ,   55 16 57,      8.041,      0.000,      0.000,       -2.682,        6.041,      4.579
78              ,  336 03 35 ,   48 10 12,      8.862,      0.000,      0.000,       -2.680,        6.035,      5.910
79              ,  336 03 38 ,   42 12 37,      9.832,      0.000,      0.000,       -2.680,        6.037,      7.282
80              ,  336 03 17 ,   40 23 20,     10.163,      0.000,      0.000,       -2.673,        6.019,      7.741
81              ,  334 16 14 ,   38 51 04,      9.771,      0.000,      0.000,       -2.661,        5.522,      7.610
82              ,  334 16 11 ,   48 47 33,      8.194,      0.000,      0.000,       -2.676,        5.553,      5.398
83              ,  334 16 07 ,   56 20 29,      7.419,      0.000,      0.000,       -2.681,        5.563,      4.112
84              ,  334 16 05 ,   66 25 19,      6.741,      0.000,      0.000,       -2.682,        5.565,      2.696
85              ,  334 16 07 ,   74 12 02,      6.431,      0.000,      0.000,       -2.686,        5.574,      1.751
86              ,  334 16 08 ,   81 33 38,      6.277,      0.000,      0.000,       -2.695,        5.593,      0.921
87              ,  334 16 10 ,   90 07 31,      6.235,      0.000,      0.000,       -2.707,        5.617,     -0.014
88              ,  334 16 11 ,  100 18 11,      6.364,      0.000,      0.000,       -2.718,        5.640,     -1.138
89              ,  328 51 02 ,  100 18 20,      5.301,      0.000,      0.000,       -2.698,        4.464,     -0.948
90              ,  328 51 16 ,   91 26 08,      5.217,      0.000,      0.000,       -2.697,        4.463,     -0.131
91              ,  328 51 15 ,   82 44 32,      5.256,      0.000,      0.000,       -2.697,        4.463,      0.664
92              ,  328 51 19 ,   74 20 30,      5.411,      0.000,      0.000,       -2.695,        4.459,      1.461
93              ,  328 51 16 ,   65 05 09,      5.742,      0.000,      0.000,       -2.694,        4.457,      2.419
94              ,  328 51 18 ,   56 35 38,      6.220,      0.000,      0.000,       -2.686,        4.444,      3.425
95              ,  328 51 16 ,   48 37 16,      6.904,      0.000,      0.000,       -2.679,        4.434,      4.564
96              ,  328 51 18 ,   41 52 24,      7.742,      0.000,      0.000,       -2.673,        4.423,      5.765
97              ,  328 51 18 ,   36 09 57,      8.731,      0.000,      0.000,       -2.665,        4.410,      7.048
98              ,  328 50 57 ,   33 56 34,      9.199,      0.000,      0.000,       -2.657,        4.396,      7.632
99              ,  316 59 14 ,   27 09 46,      8.507,      0.000,      0.000,       -2.649,        2.840,      7.569
100             ,  316 59 14 ,   32 01 28,      7.339,      0.000,      0.000,       -2.655,        2.846,      6.222
101             ,  316 59 16 ,   37 32 16,      6.401,      0.000,      0.000,       -2.661,        2.852,      5.076
102             ,  316 59 19 ,   44 56 48,      5.526,      0.000,      0.000,       -2.663,        2.854,      3.911
103             ,  316 59 20 ,   54 13 45,      4.815,      0.000,      0.000,       -2.665,        2.857,      2.815
104             ,  316 59 20 ,   65 15 34,      4.307,      0.000,      0.000,       -2.668,        2.860,      1.803
105             ,  316 59 22 ,   74 19 19,      4.074,      0.000,      0.000,       -2.676,        2.869,      1.101
106             ,  316 59 18 ,   87 32 50,      3.931,      0.000,      0.000,       -2.679,        2.872,      0.168
107             ,  316 59 23 ,  105 42 22,      4.087,      0.000,      0.000,       -2.684,        2.877,     -1.106
108             ,  312 15 49 ,  106 57 27,      3.785,      0.000,      0.000,       -2.679,        2.435,     -1.104
109             ,  312 15 55 ,   91 50 19,      3.618,      0.000,      0.000,       -2.676,        2.432,     -0.116
110             ,  312 16 04 ,   77 18 42,      3.703,      0.000,      0.000,       -2.673,        2.430,      0.813
111             ,  312 16 07 ,   64 24 56,      3.997,      0.000,      0.000,       -2.668,        2.425,      1.726
112             ,  312 16 05 ,   52 00 36,      4.566,      0.000,      0.000,       -2.663,        2.420,      2.810
113             ,  312 16 02 ,   44 03 04,      5.178,      0.000,      0.000,       -2.664,        2.421,      3.721
114             ,  312 16 02 ,   36 06 52,      6.101,      0.000,      0.000,       -2.661,        2.418,      4.928
115             ,  312 16 01 ,   30 13 07,      7.137,      0.000,      0.000,       -2.658,        2.416,      6.167
116             ,  312 15 58 ,   25 04 53,      8.460,      0.000,      0.000,       -2.654,        2.412,      7.663
117             ,  295 43 27 ,  110 43 59,      3.163,      0.000,      0.000,       -2.665,        1.284,     -1.120
118             ,  295 43 37 ,   90 31 11,      2.955,      0.000,      0.000,       -2.662,        1.283,     -0.027
119             ,  295 43 40 ,   72 51 14,      3.091,      0.000,      0.000,       -2.661,        1.282,      0.911
120             ,  295 43 43 ,   55 08 56,      3.598,      0.000,      0.000,       -2.660,        1.282,      2.056
121             ,  295 43 40 ,   43 35 41,      4.277,      0.000,      0.000,       -2.657,        1.280,      3.097
122             ,  295 43 36 ,   32 21 04,      5.509,      0.000,      0.000,       -2.656,        1.280,      4.654
123             ,  295 43 36 ,   25 52 51,      6.751,      0.000,      0.000,       -2.655,        1.279,      6.074
124             ,  295 43 25 ,   20 40 48,      8.322,      0.000,      0.000,       -2.648,        1.276,      7.786
125             ,  287 52 57 ,   19 51 59,      8.138,      0.000,      0.000,       -2.632,        0.849,      7.653
126             ,  287 52 58 ,   25 22 48,      6.469,      0.000,      0.000,       -2.639,        0.851,      5.845
127             ,  287 53 01 ,   30 35 32,      5.456,      0.000,      0.000,       -2.642,        0.853,      4.696
128             ,  287 53 01 ,   39 40 14,      4.353,      0.000,      0.000,       -2.644,        0.853,      3.351
129             ,  287 53 01 ,   49 38 08,      3.653,      0.000,      0.000,       -2.649,        0.855,      2.366
130             ,  287 52 58 ,   64 07 23,      3.097,      0.000,      0.000,       -2.652,        0.856,      1.351
131             ,  287 52 59 ,   84 04 11,      2.804,      0.000,      0.000,       -2.654,        0.857,      0.290
132             ,  287 53 03 ,  110 11 39,      2.978,      0.000,      0.000,       -2.660,        0.858,     -1.028
133             ,  262 40 22 ,  110 11 41,      2.839,      0.000,      0.000,       -2.643,       -0.340,     -0.980
134             ,  262 40 28 ,   92 22 57,      2.664,      0.000,      0.000,       -2.640,       -0.339,     -0.111
135             ,  262 40 33 ,   71 56 39,      2.798,      0.000,      0.000,       -2.639,       -0.339,      0.867
136             ,  262 40 32 ,   56 29 21,      3.191,      0.000,      0.000,       -2.639,       -0.339,      1.762
137             ,  262 40 33 ,   41 40 26,      3.994,      0.000,      0.000,       -2.634,       -0.339,      2.983
138             ,  262 40 30 ,   31 45 22,      5.039,      0.000,      0.000,       -2.631,       -0.338,      4.285
139             ,  262 40 30 ,   25 17 20,      6.202,      0.000,      0.000,       -2.628,       -0.338,      5.608
140             ,  262 40 02 ,   19 12 02,      8.024,      0.000,      0.000,       -2.617,       -0.337,      7.578
141             ,  253 40 42 ,   20 06 55,      7.921,      0.000,      0.000,       -2.614,       -0.766,      7.438
142             ,  253 40 43 ,   25 56 46,      6.236,      0.000,      0.000,       -2.618,       -0.767,      5.607
143             ,  253 40 44 ,   32 31 46,      5.081,      0.000,      0.000,       -2.622,       -0.768,      4.284
144             ,  253 40 44 ,   42 43 39,      4.030,      0.000,      0.000,       -2.624,       -0.768,      2.961
145             ,  253 40 47 ,   56 37 44,      3.280,      0.000,      0.000,       -2.629,       -0.770,      1.804
146             ,  253 40 51 ,   67 20 22,      2.966,      0.000,      0.000,       -2.626,       -0.769,      1.143
147             ,  253 40 47 ,   87 30 39,      2.742,      0.000,      0.000,       -2.629,       -0.770,      0.119
148             ,  253 40 50 ,  101 59 00,      2.804,      0.000,      0.000,       -2.633,       -0.771,     -0.582
149             ,  234 12 57 ,  110 44 17,      3.453,      0.000,      0.000,       -2.620,       -1.888,     -1.223
150             ,  234 13 15 ,   86 52 30,      3.228,      0.000,      0.000,       -2.615,       -1.885,      0.176
151             ,  234 13 14 ,   72 58 36,      3.366,      0.000,      0.000,       -2.611,       -1.882,      0.985
152             ,  234 13 16 ,   55 47 46,      3.888,      0.000,      0.000,       -2.609,       -1.880,      2.186
153             ,  234 13 13 ,   45 06 52,      4.537,      0.000,      0.000,       -2.608,       -1.879,      3.202
154             ,  234 13 11 ,   35 35 34,      5.521,      0.000,      0.000,       -2.607,       -1.879,      4.490
155             ,  234 13 11 ,   28 15 01,      6.785,      0.000,      0.000,       -2.605,       -1.878,      5.977
156             ,  234 12 48 ,   22 54 21,      8.237,      0.000,      0.000,       -2.601,       -1.875,      7.587
157             ,  228 02 54 ,   24 29 24,      8.406,      0.000,      0.000,       -2.591,       -2.329,      7.649
158             ,  228 02 53 ,   32 25 03,      6.516,      0.000,      0.000,       -2.598,       -2.335,      5.501
159             ,  228 02 56 ,   43 03 54,      5.126,      0.000,      0.000,       -2.603,       -2.340,      3.745
160             ,  228 02 54 ,   54 31 21,      4.298,      0.000,      0.000,       -2.603,       -2.340,      2.494
161             ,  227 20 27 ,   68 02 31,      3.815,      0.000,      0.000,       -2.602,       -2.397,      1.426
162             ,  227 20 33 ,   79 55 14,      3.596,      0.000,      0.000,       -2.604,       -2.399,      0.629
163             ,  227 20 37 ,   93 43 00,      3.552,      0.000,      0.000,       -2.607,       -2.402,     -0.230
164             ,  215 47 37 ,   99 09 32,      4.498,      0.000,      0.000,       -2.597,       -3.602,     -0.716
165             ,  215 47 49 ,   86 52 47,      4.441,      0.000,      0.000,       -2.594,       -3.597,      0.242
166             ,  215 47 53 ,   71 23 26,      4.668,      0.000,      0.000,       -2.588,       -3.589,      1.490
167             ,  215 47 55 ,   62 45 52,      4.979,      0.000,      0.000,       -2.590,       -3.591,      2.279
168             ,  215 47 46 ,   50 46 27,      5.711,      0.000,      0.000,       -2.588,       -3.589,      3.612
169             ,  215 47 49 ,   41 53 21,      6.622,      0.000,      0.000,       -2.586,       -3.586,      4.929
170             ,  215 47 48 ,   34 54 34,      7.717,      0.000,      0.000,       -2.583,       -3.582,      6.329
171             ,  215 47 25 ,   30 15 22,      8.763,      0.000,      0.000,       -2.582,       -3.582,      7.569
172             ,  213 14 37 ,   31 37 43,      8.967,      0.000,      0.000,       -2.578,       -3.933,      7.635
173             ,  213 14 34 ,   36 31 55,      7.922,      0.000,      0.000,       -2.585,       -3.944,      6.366
174             ,  213 14 33 ,   43 55 30,      6.803,      0.000,      0.000,       -2.587,       -3.947,      4.900
175             ,  213 14 34 ,   52 02 52,      5.991,      0.000,      0.000,       -2.590,       -3.951,      3.685
176             ,  213 14 40 ,   62 03 39,      5.347,      0.000,      0.000,       -2.589,       -3.950,      2.505
177             ,  213 14 40 ,   75 43 26,      4.878,      0.000,      0.000,       -2.591,       -3.953,      1.203
178             ,  213 14 40 ,   83 59 04,      4.755,      0.000,      0.000,       -2.592,       -3.955,      0.498
179             ,  213 14 40 ,   97 12 13,      4.762,      0.000,      0.000,       -2.590,       -3.951,     -0.597
180             ,  226 12 21 ,   93 49 19,      4.671,      0.000,      0.000,       -3.364,       -3.225,     -0.311
181             ,  226 12 31 ,   89 59 25,      4.657,      0.000,      0.000,       -3.362,       -3.223,      0.001
182             ,  226 12 26 ,   80 06 39,      4.720,      0.000,      0.000,       -3.357,       -3.218,      0.811
183             ,  226 12 28 ,   73 08 22,      4.855,      0.000,      0.000,       -3.354,       -3.216,      1.408
184             ,  226 12 29 ,   66 33 03,      5.066,      0.000,      0.000,       -3.355,       -3.217,      2.016
185             ,  226 12 29 ,   60 01 49,      5.363,      0.000,      0.000,       -3.354,       -3.215,      2.679
186             ,  226 12 28 ,   53 02 08,      5.810,      0.000,      0.000,       -3.351,       -3.212,      3.493
187             ,  226 12 28 ,   48 35 23,      6.187,      0.000,      0.000,       -3.350,       -3.211,      4.092
188             ,  226 12 31 ,   43 49 38,      6.698,      0.000,      0.000,       -3.348,       -3.210,      4.832
189             ,  226 12 28 ,   38 37 30,      7.427,      0.000,      0.000,       -3.346,       -3.208,      5.802
190             ,  226 12 29 ,   34 43 30,      8.137,      0.000,      0.000,       -3.346,       -3.208,      6.688
191             ,  226 12 25 ,   30 56 48,      8.998,      0.000,      0.000,       -3.340,       -3.202,      7.717
192             ,  245 04 25 ,   25 30 08,      8.618,      0.000,      0.000,       -3.365,       -1.564,      7.778
193             ,  245 04 25 ,   30 52 46,      7.238,      0.000,      0.000,       -3.369,       -1.566,      6.212
194             ,  245 04 26 ,   37 46 20,      6.068,      0.000,      0.000,       -3.370,       -1.566,      4.796
195             ,  245 04 27 ,   45 34 40,      5.207,      0.000,      0.000,       -3.373,       -1.567,      3.645
196             ,  245 04 25 ,   54 20 15,      4.581,      0.000,      0.000,       -3.376,       -1.569,      2.671
197             ,  245 04 26 ,   64 46 03,      4.118,      0.000,      0.000,       -3.378,       -1.570,      1.755
198             ,  244 16 09 ,   75 07 58,      3.884,      0.000,      0.000,       -3.382,       -1.630,      0.997
199             ,  244 16 10 ,   89 08 40,      3.758,      0.000,      0.000,       -3.385,       -1.631,      0.056
200             ,  244 16 07 ,  108 45 44,      3.976,      0.000,      0.000,       -3.391,       -1.634,     -1.279
201             ,  250 57 43 ,  104 14 26,      3.705,      0.000,      0.000,       -3.395,       -1.172,     -0.912
202             ,  250 57 57 ,   89 31 01,      3.586,      0.000,      0.000,       -3.389,       -1.169,      0.030
203             ,  250 57 56 ,   79 58 17,      3.639,      0.000,      0.000,       -3.388,       -1.169,      0.634
204             ,  250 57 56 ,   67 36 40,      3.873,      0.000,      0.000,       -3.385,       -1.168,      1.475
205             ,  250 57 49 ,   56 13 54,      4.305,      0.000,      0.000,       -3.383,       -1.167,      2.393
206             ,  251 21 51 ,   47 11 36,      4.864,      0.000,      0.000,       -3.382,       -1.140,      3.305
207             ,  251 21 50 ,   39 45 19,      5.577,      0.000,      0.000,       -3.380,       -1.140,      4.288
208             ,  251 21 47 ,   35 01 49,      6.211,      0.000,      0.000,       -3.378,       -1.139,      5.086
209             ,  251 21 46 ,   29 50 43,      7.160,      0.000,      0.000,       -3.377,       -1.139,      6.211
210             ,  251 21 44 ,   24 41 50,      8.507,      0.000,      0.000,       -3.368,       -1.136,      7.729
211             ,  270 06 54 ,   23 46 46,      8.394,      0.000,      0.000,       -3.385,        0.007,      7.681
212             ,  270 06 50 ,   26 59 01,      7.476,      0.000,      0.000,       -3.392,        0.007,      6.662
213             ,  270 06 49 ,   32 52 30,      6.254,      0.000,      0.000,       -3.395,        0.007,      5.253
214             ,  270 06 48 ,   38 27 00,      5.464,      0.000,      0.000,       -3.398,        0.007,      4.279
215             ,  270 06 50 ,   47 30 59,      4.612,      0.000,      0.000,       -3.401,        0.007,      3.115
216             ,  270 06 47 ,   57 46 34,      4.024,      0.000,      0.000,       -3.404,        0.007,      2.146
217             ,  270 06 49 ,   71 21 23,      3.597,      0.000,      0.000,       -3.408,        0.007,      1.150
218             ,  270 06 50 ,   84 12 54,      3.427,      0.000,      0.000,       -3.409,        0.007,      0.345
219             ,  270 06 48 ,   97 54 35,      3.443,      0.000,      0.000,       -3.410,        0.007,     -0.474
220             ,  270 06 51 ,  109 33 18,      3.621,      0.000,      0.000,       -3.412,        0.007,     -1.212
221             ,  278 39 00 ,  109 33 05,      3.669,      0.000,      0.000,       -3.418,        0.520,     -1.228
222             ,  278 38 59 ,   94 08 36,      3.463,      0.000,      0.000,       -3.415,        0.519,     -0.250
223             ,  278 39 04 ,   84 18 15,      3.468,      0.000,      0.000,       -3.412,        0.519,      0.344
224             ,  278 39 05 ,   70 48 09,      3.650,      0.000,      0.000,       -3.407,        0.518,      1.200
225             ,  278 26 44 ,   62 53 04,      3.864,      0.000,      0.000,       -3.402,        0.505,      1.761
226             ,  278 26 48 ,   53 46 15,      4.264,      0.000,      0.000,       -3.403,        0.505,      2.520
227             ,  278 26 51 ,   42 58 03,      5.040,      0.000,      0.000,       -3.398,        0.505,      3.688
228             ,  278 26 50 ,   36 54 08,      5.719,      0.000,      0.000,       -3.396,        0.504,      4.573
229             ,  278 26 48 ,   32 20 00,      6.418,      0.000,      0.000,       -3.395,        0.504,      5.423
230             ,  278 26 52 ,   28 10 25,      7.264,      0.000,      0.000,       -3.392,        0.504,      6.403
231             ,  278 26 43 ,   23 53 08,      8.455,      0.000,      0.000,       -3.386,        0.503,      7.730
232             ,  298 16 10 ,   27 25 20,      8.430,      0.000,      0.000,       -3.419,        1.839,      7.483
233             ,  298 16 10 ,   32 07 29,      7.306,      0.000,      0.000,       -3.422,        1.840,      6.188
234             ,  298 12 33 ,   36 56 33,      6.463,      0.000,      0.000,       -3.423,        1.836,      5.165
235             ,  298 12 37 ,   41 48 41,      5.829,      0.000,      0.000,       -3.424,        1.837,      4.345
236             ,  298 12 38 ,   46 32 02,      5.355,      0.000,      0.000,       -3.425,        1.837,      3.683
237             ,  298 12 37 ,   54 56 26,      4.750,      0.000,      0.000,       -3.427,        1.838,      2.729
238             ,  298 12 36 ,   66 08 07,      4.253,      0.000,      0.000,       -3.428,        1.839,      1.721
239             ,  298 12 37 ,   74 48 51,      4.032,      0.000,      0.000,       -3.429,        1.839,      1.056
240             ,  298 12 39 ,   87 20 13,      3.894,      0.000,      0.000,       -3.427,        1.839,      0.181
241             ,  298 12 35 ,   98 37 31,      3.937,      0.000,      0.000,       -3.430,        1.840,     -0.590
242             ,  298 12 48 ,  109 04 12,      4.113,      0.000,      0.000,       -3.426,        1.838,     -1.344
243             ,  301 19 47 ,  108 30 53,      4.237,      0.000,      0.000,       -3.432,        2.089,     -1.346
244             ,  301 19 53 ,   96 41 02,      4.048,      0.000,      0.000,       -3.434,        2.091,     -0.471
245             ,  301 19 58 ,   85 35 13,      4.029,      0.000,      0.000,       -3.431,        2.089,      0.310
246             ,  301 19 55 ,   74 35 54,      4.171,      0.000,      0.000,       -3.435,        2.091,      1.108
247             ,  301 19 55 ,   63 59 59,      4.466,      0.000,      0.000,       -3.429,        2.087,      1.958
248             ,  301 19 54 ,   53 51 32,      4.968,      0.000,      0.000,       -3.427,        2.086,      2.930
249             ,  301 19 55 ,   47 01 42,      5.481,      0.000,      0.000,       -3.425,        2.085,      3.736
250             ,  301 19 53 ,   40 22 37,      6.187,      0.000,      0.000,       -3.424,        2.084,      4.713
251             ,  301 19 53 ,   34 24 07,      7.092,      0.000,      0.000,       -3.422,        2.083,      5.851
252             ,  301 19 53 ,   29 50 19,      8.053,      0.000,      0.000,       -3.422,        2.083,      6.985
253             ,  301 19 49 ,   27 35 40,      8.628,      0.000,      0.000,       -3.414,        2.078,      7.647
254             ,  207 52 53 ,  100 01 14,      4.744,      0.000,      0.000,       -2.185,       -4.130,     -0.826
255             ,  207 52 55 ,   89 59 19,      4.666,      0.000,      0.000,       -2.182,       -4.124,      0.001
256             ,  207 53 00 ,   86 01 00,      4.675,      0.000,      0.000,       -2.181,       -4.122,      0.325
257             ,  207 08 35 ,   74 44 27,      4.792,      0.000,      0.000,       -2.109,       -4.114,      1.261
258             ,  206 21 06 ,   67 07 56,      4.980,      0.000,      0.000,       -2.037,       -4.112,      1.935
259             ,  206 42 00 ,   59 38 48,      5.328,      0.000,      0.000,       -2.066,       -4.107,      2.692
260             ,  206 42 04 ,   52 10 13,      5.820,      0.000,      0.000,       -2.066,       -4.107,      3.570
261             ,  207 44 30 ,   46 21 38,      6.411,      0.000,      0.000,       -2.160,       -4.106,      4.424
262             ,  207 44 29 ,   40 54 51,      7.077,      0.000,      0.000,       -2.157,       -4.102,      5.348
263             ,  207 44 30 ,   35 27 24,      7.986,      0.000,      0.000,       -2.156,       -4.100,      6.505
264             ,  207 44 03 ,   31 02 20,      8.974,      0.000,      0.000,       -2.153,       -4.096,      7.689
265             ,  201 59 51 ,   30 05 26,      8.771,      0.000,      0.000,       -1.647,       -4.077,      7.589
266             ,  201 59 46 ,   34 26 39,      7.794,      0.000,      0.000,       -1.651,       -4.087,      6.427
267             ,  201 59 47 ,   40 09 14,      6.842,      0.000,      0.000,       -1.652,       -4.091,      5.229
268             ,  201 59 49 ,   46 46 11,      6.062,      0.000,      0.000,       -1.654,       -4.095,      4.152
269             ,  201 59 54 ,   52 10 16,      5.595,      0.000,      0.000,       -1.655,       -4.097,      3.431
270             ,  201 59 53 ,   61 14 12,      5.047,      0.000,      0.000,       -1.657,       -4.102,      2.428
271             ,  201 59 53 ,   80 05 06,      4.499,      0.000,      0.000,       -1.660,       -4.109,      0.775
272             ,  201 59 49 ,   89 13 52,      4.438,      0.000,      0.000,       -1.662,       -4.115,      0.060
273             ,  201 59 54 ,  100 09 06,      4.515,      0.000,      0.000,       -1.665,       -4.121,     -0.796
274             ,  187 20 53 ,  100 09 02,      4.198,      0.000,      0.000,       -0.528,       -4.098,     -0.740
275             ,  187 20 55 ,   88 15 18,      4.125,      0.000,      0.000,       -0.527,       -4.089,      0.126
276             ,  186 22 32 ,   71 58 24,      4.315,      0.000,      0.000,       -0.456,       -4.077,      1.335
277             ,  186 22 37 ,   65 12 47,      4.515,      0.000,      0.000,       -0.455,       -4.074,      1.893
278             ,  186 22 41 ,   56 32 37,      4.910,      0.000,      0.000,       -0.455,       -4.071,      2.707
279             ,  187 58 23 ,   49 56 37,      5.368,      0.000,      0.000,       -0.570,       -4.069,      3.454
280             ,  187 58 20 ,   43 53 57,      5.922,      0.000,      0.000,       -0.569,       -4.066,      4.267
281             ,  187 37 31 ,   40 26 06,      6.323,      0.000,      0.000,       -0.544,       -4.065,      4.813
282             ,  187 37 26 ,   29 42 42,      8.246,      0.000,      0.000,       -0.542,       -4.051,      7.162
283             ,  187 36 59 ,   28 02 18,      8.690,      0.000,      0.000,       -0.541,       -4.049,      7.670
284             ,  181 27 36 ,   27 53 34,      8.647,      0.000,      0.000,       -0.103,       -4.044,      7.642
285             ,  180 28 44 ,   29 18 23,      8.262,      0.000,      0.000,       -0.034,       -4.044,      7.205
286             ,  180 28 38 ,   40 25 51,      6.253,      0.000,      0.000,       -0.034,       -4.055,      4.760
287             ,  180 28 39 ,   46 46 00,      5.569,      0.000,      0.000,       -0.034,       -4.057,      3.814
288             ,  180 28 40 ,   54 29 58,      4.987,      0.000,      0.000,       -0.034,       -4.060,      2.896
289             ,  180 28 37 ,   65 50 42,      4.455,      0.000,      0.000,       -0.034,       -4.065,      1.823
290             ,  180 28 41 ,   73 41 27,      4.242,      0.000,      0.000,       -0.034,       -4.071,      1.191
291             ,  180 28 43 ,   87 04 43,      4.088,      0.000,      0.000,       -0.034,       -4.083,      0.208
292             ,  182 39 05 ,  101 27 53,      4.187,      0.000,      0.000,       -0.190,       -4.099,     -0.832
293             ,  165 29 49 ,  100 19 42,      4.287,      0.000,      0.000,        1.056,       -4.084,     -0.769
294             ,  165 29 53 ,   85 16 21,      4.222,      0.000,      0.000,        1.054,       -4.073,      0.348
295             ,  165 29 57 ,   72 22 50,      4.405,      0.000,      0.000,        1.051,       -4.065,      1.333
296             ,  165 29 54 ,   59 41 36,      4.859,      0.000,      0.000,        1.050,       -4.061,      2.452
297             ,  165 29 53 ,   48 41 45,      5.578,      0.000,      0.000,        1.049,       -4.057,      3.682
298             ,  165 29 55 ,   40 16 15,      6.475,      0.000,      0.000,        1.048,       -4.052,      4.940
299             ,  165 29 56 ,   33 36 01,      7.552,      0.000,      0.000,        1.046,       -4.046,      6.290
300             ,  165 29 32 ,   28 57 19,      8.621,      0.000,      0.000,        1.045,       -4.040,      7.543
301             ,  158 41 53 ,   30 30 05,      8.564,      0.000,      0.000,        1.579,       -4.050,      7.379
302             ,  158 41 57 ,   38 14 42,      7.022,      0.000,      0.000,        1.579,       -4.050,      5.515
303             ,  158 41 53 ,   46 12 07,      6.026,      0.000,      0.000,        1.580,       -4.052,      4.171
304             ,  158 41 54 ,   55 44 28,      5.270,      0.000,      0.000,        1.582,       -4.058,      2.967
305             ,  158 41 57 ,   68 18 39,      4.694,      0.000,      0.000,        1.584,       -4.064,      1.735
306             ,  158 41 55 ,   75 30 32,      4.510,      0.000,      0.000,        1.586,       -4.068,      1.129
307             ,  158 42 03 ,   91 25 24,      4.380,      0.000,      0.000,        1.590,       -4.079,     -0.109
308             ,  147 13 50 ,   94 13 27,      4.871,      0.000,      0.000,        2.629,       -4.085,     -0.359
309             ,  147 13 49 ,   82 11 03,      4.893,      0.000,      0.000,        2.624,       -4.076,      0.665
310             ,  147 14 00 ,   73 27 51,      5.048,      0.000,      0.000,        2.619,       -4.069,      1.437
311             ,  147 14 01 ,   64 35 35,      5.357,      0.000,      0.000,        2.619,       -4.069,      2.298
312             ,  147 13 59 ,   56 01 47,      5.823,      0.000,      0.000,        2.614,       -4.061,      3.254
313             ,  147 13 59 ,   47 22 12,      6.553,      0.000,      0.000,        2.610,       -4.054,      4.438
314             ,  147 14 01 ,   41 27 23,      7.272,      0.000,      0.000,        2.606,       -4.048,      5.450
315             ,  147 13 48 ,   34 04 54,      8.569,      0.000,      0.000,        2.599,       -4.038,      7.098
316             ,  142 58 22 ,   39 13 16,      7.996,      0.000,      0.000,        3.045,       -4.037,      6.195
317             ,  142 58 22 ,   46 40 29,      6.964,      0.000,      0.000,        3.051,       -4.045,      4.778
318             ,  142 58 24 ,   52 05 14,      6.432,      0.000,      0.000,        3.056,       -4.052,      3.952
319             ,  142 58 24 ,   56 55 07,      6.066,      0.000,      0.000,        3.061,       -4.058,      3.311
320             ,  142 58 22 ,   61 38 30,      5.792,      0.000,      0.000,        3.070,       -4.069,      2.751
321             ,  142 58 25 ,   71 34 24,      5.388,      0.000,      0.000,        3.078,       -4.081,      1.703
322             ,  142 58 26 ,   77 38 17,      5.235,      0.000,      0.000,        3.079,       -4.082,      1.121
323             ,  154 21 16 ,   94 38 52,      5.388,      0.000,      0.000,        2.324,       -4.841,     -0.437
324             ,  154 21 17 ,   85 12 47,      5.382,      0.000,      0.000,        2.321,       -4.835,      0.449
325             ,  154 21 17 ,   76 11 53,      5.518,      0.000,      0.000,        2.319,       -4.831,      1.316
326             ,  154 21 15 ,   67 06 12,      5.813,      0.000,      0.000,        2.318,       -4.828,      2.262
327             ,  154 21 14 ,   57 33 09,      6.337,      0.000,      0.000,        2.315,       -4.821,      3.400
328             ,  154 21 14 ,   50 10 39,      6.958,      0.000,      0.000,        2.313,       -4.818,      4.456
329             ,  154 21 14 ,   43 18 14,      7.780,      0.000,      0.000,        2.310,       -4.810,      5.662
330             ,  154 21 12 ,   37 42 42,      8.715,      0.000,      0.000,        2.307,       -4.805,      6.894
331             ,  154 21 12 ,   34 52 14,      9.314,      0.000,      0.000,        2.305,       -4.800,      7.641
332             ,  157 09 43 ,   34 32 21,      9.202,      0.000,      0.000,        2.025,       -4.808,      7.580
333             ,  157 42 09 ,   40 19 30,      8.035,      0.000,      0.000,        1.973,       -4.811,      6.126
334             ,  157 42 07 ,   45 09 47,      7.337,      0.000,      0.000,        1.974,       -4.814,      5.173
335             ,  157 42 08 ,   53 23 24,      6.486,      0.000,      0.000,        1.975,       -4.817,      3.868
336             ,  157 42 08 ,   62 56 44,      5.851,      0.000,      0.000,        1.977,       -4.821,      2.661
337             ,  157 42 09 ,   71 39 58,      5.497,      0.000,      0.000,        1.980,       -4.828,      1.729
338             ,  157 59 34 ,   78 07 42,      5.325,      0.000,      0.000,        1.953,       -4.831,      1.095
339             ,  157 59 32 ,   85 10 15,      5.234,      0.000,      0.000,        1.955,       -4.836,      0.441
340             ,  157 59 34 ,   92 15 39,      5.225,      0.000,      0.000,        1.956,       -4.841,     -0.206
341             ,  171 09 35 ,   98 09 27,      4.960,      0.000,      0.000,        0.755,       -4.851,     -0.704
342             ,  171 09 44 ,   85 34 10,      4.914,      0.000,      0.000,        0.753,       -4.842,      0.380
343             ,  171 09 43 ,   75 03 54,      5.061,      0.000,      0.000,        0.751,       -4.832,      1.304
344             ,  171 09 43 ,   67 06 12,      5.301,      0.000,      0.000,        0.750,       -4.826,      2.063
345             ,  171 09 44 ,   55 49 47,      5.898,      0.000,      0.000,        0.750,       -4.822,      3.313
346             ,  171 09 42 ,   46 03 22,      6.772,      0.000,      0.000,        0.749,       -4.818,      4.700
347             ,  171 09 41 ,   38 10 38,      7.876,      0.000,      0.000,        0.748,       -4.810,      6.191
348             ,  171 09 34 ,   32 20 52,      9.083,      0.000,      0.000,        0.747,       -4.802,      7.674
349             ,  175 55 23 ,   32 21 07,      8.999,      0.000,      0.000,        0.342,       -4.803,      7.602
350             ,  176 18 01 ,   37 48 18,      7.866,      0.000,      0.000,        0.311,       -4.812,      6.215
351             ,  176 43 21 ,   45 19 57,      6.786,      0.000,      0.000,        0.276,       -4.818,      4.770
352             ,  176 43 22 ,   53 13 34,      6.029,      0.000,      0.000,        0.276,       -4.821,      3.609
353             ,  177 03 03 ,   60 49 31,      5.533,      0.000,      0.000,        0.249,       -4.825,      2.697
354             ,  177 03 02 ,   70 15 51,      5.137,      0.000,      0.000,        0.249,       -4.829,      1.735
355             ,  177 09 30 ,   75 26 45,      4.999,      0.000,      0.000,        0.240,       -4.833,      1.256
356             ,  190 17 45 ,   98 24 44,      5.003,      0.000,      0.000,       -0.885,       -4.870,     -0.732
357             ,  190 17 55 ,   89 04 44,      4.944,      0.000,      0.000,       -0.884,       -4.863,      0.079
358             ,  189 35 59 ,   74 16 38,      5.112,      0.000,      0.000,       -0.821,       -4.852,      1.385
359             ,  189 38 36 ,   62 27 34,      5.539,      0.000,      0.000,       -0.823,       -4.842,      2.561
360             ,  189 38 46 ,   53 53 19,      6.073,      0.000,      0.000,       -0.822,       -4.837,      3.579
361             ,  189 38 48 ,   45 02 00,      6.926,      0.000,      0.000,       -0.821,       -4.831,      4.895
362             ,  189 38 41 ,   41 28 20,      7.396,      0.000,      0.000,       -0.821,       -4.829,      5.541
363             ,  194 30 01 ,   33 21 23,      9.079,      0.000,      0.000,       -1.250,       -4.833,      7.583
364             ,  194 59 24 ,   38 38 18,      8.022,      0.000,      0.000,       -1.296,       -4.839,      6.266
365             ,  195 13 57 ,   45 32 00,      7.035,      0.000,      0.000,       -1.319,       -4.844,      4.928
366             ,  195 38 00 ,   51 13 27,      6.460,      0.000,      0.000,       -1.357,       -4.850,      4.046
367             ,  194 14 11 ,   59 55 41,      5.782,      0.000,      0.000,       -1.230,       -4.850,      2.897
368             ,  195 43 09 ,   73 41 45,      5.266,      0.000,      0.000,       -1.369,       -4.865,      1.478
369             ,  195 31 15 ,   81 48 51,      5.106,      0.000,      0.000,       -1.352,       -4.869,      0.727
370             ,  195 31 13 ,   89 51 44,      5.059,      0.000,      0.000,       -1.354,       -4.875,      0.012
371             ,  195 31 10 ,   98 03 51,      5.115,      0.000,      0.000,       -1.355,       -4.879,     -0.718
372             ,  209 41 32 ,   99 18 33,      5.719,      0.000,      0.000,       -2.795,       -4.902,     -0.925
373             ,  209 20 02 ,   93 04 55,      5.626,      0.000,      0.000,       -2.752,       -4.898,     -0.302
374             ,  209 19 55 ,   78 31 45,      5.717,      0.000,      0.000,       -2.745,       -4.885,      1.137
375             ,  209 19 59 ,   65 38 13,      6.143,      0.000,      0.000,       -2.742,       -4.879,      2.534
376             ,  209 02 14 ,   57 15 51,      6.630,      0.000,      0.000,       -2.707,       -4.876,      3.585
377             ,  209 02 14 ,   48 27 49,      7.441,      0.000,      0.000,       -2.704,       -4.870,      4.934
378             ,  209 02 21 ,   43 36 00,      8.073,      0.000,      0.000,       -2.702,       -4.868,      5.846
379             ,  209 02 22 ,   39 30 25,      8.748,      0.000,      0.000,       -2.701,       -4.865,      6.749
380             ,  209 02 14 ,   36 52 27,      9.269,      0.000,      0.000,       -2.700,       -4.863,      7.415
381             ,  210 44 49 ,   36 52 42,      9.434,      0.000,      0.000,       -2.895,       -4.866,      7.547
382             ,  210 44 44 ,   42 49 27,      8.338,      0.000,      0.000,       -2.897,       -4.871,      6.115
383             ,  210 44 42 ,   50 19 03,      7.371,      0.000,      0.000,       -2.900,       -4.875,      4.706
384             ,  210 44 45 ,   57 07 35,      6.760,      0.000,      0.000,       -2.902,       -4.879,      3.669
385             ,  210 44 47 ,   66 56 10,      6.172,      0.000,      0.000,       -2.903,       -4.881,      2.418
386             ,  210 44 48 ,   75 18 48,      5.874,      0.000,      0.000,       -2.905,       -4.883,      1.489
387             ,  210 44 49 ,   79 39 35,      5.777,      0.000,      0.000,       -2.905,       -4.884,      1.037
388             ,  210 44 47 ,   93 04 41,      5.705,      0.000,      0.000,       -2.913,       -4.896,     -0.306
389             ,    7 58 20 ,   36 42 49,      9.880,      0.000,      0.000,        0.819,        5.849,      7.920
390             ,  353 10 30 ,   36 02 54,      9.803,      0.000,      0.000,       -0.686,        5.728,      7.926
391             ,  337 15 14 ,   38 24 38,     10.130,      0.000,      0.000,       -2.433,        5.804,      7.938
392             ,  332 32 09 ,   35 59 49,      9.798,      0.000,      0.000,       -2.656,        5.110,      7.927
393             ,  344 30 33 ,   33 47 24,      9.527,      0.000,      0.000,       -1.415,        5.106,      7.917
394             ,    2 26 35 ,   32 19 00,      9.356,      0.000,      0.000,        0.213,        4.997,      7.906
395             ,   14 09 37 ,   32 48 44,      9.414,      0.000,      0.000,        1.248,        4.947,      7.912
396             ,   23 59 53 ,   27 30 49,      8.916,      0.000,      0.000,        1.675,        3.763,      7.908
397             ,    1 35 38 ,   24 31 23,      8.703,      0.000,      0.000,        0.100,        3.611,      7.918
398             ,  340 49 47 ,   26 00 47,      8.816,      0.000,      0.000,       -1.270,        3.652,      7.923
399             ,  321 09 35 ,   30 33 32,      9.195,      0.000,      0.000,       -2.932,        3.641,      7.918
400             ,  316 26 03 ,   24 19 41,      8.688,      0.000,      0.000,       -2.467,        2.593,      7.917
401             ,  343 31 26 ,   19 47 22,      8.416,      0.000,      0.000,       -0.808,        2.732,      7.919
402             ,   28 31 30 ,   19 06 17,      8.370,      0.000,      0.000,        1.308,        2.407,      7.909
403             ,   59 25 32 ,   14 46 10,      8.164,      0.000,      0.000,        1.792,        1.059,      7.894
404             ,   29 33 54 ,    8 25 56,      7.980,      0.000,      0.000,        0.577,        1.018,      7.894
405             ,  318 54 06 ,    9 40 00,      8.015,      0.000,      0.000,       -0.885,        1.014,      7.901
406             ,  292 43 44 ,   18 23 14,      8.330,      0.000,      0.000,       -2.424,        1.015,      7.905
407             ,  273 29 16 ,   19 25 13,      8.382,      0.000,      0.000,       -2.782,        0.170,      7.905
408             ,  273 29 15 ,   10 46 30,      8.040,      0.000,      0.000,       -1.500,        0.091,      7.898
409             ,  273 29 16 ,    0 11 16,      7.887,      0.000,      0.000,       -0.026,        0.002,      7.887
410             ,  273 29 24 ,  351 13 18,      7.975,      0.000,      0.000,        1.215,       -0.074,      7.882
411             ,  273 29 30 ,  345 06 20,      8.162,      0.000,      0.000,        2.094,       -0.128,      7.888
412             ,  245 03 31 ,   22 24 51,      8.542,      0.000,      0.000,       -2.953,       -1.373,      7.896
413             ,  229 03 08 ,   14 34 19,      8.153,      0.000,      0.000,       -1.549,       -1.344,      7.891
414             ,  192 37 01 ,   10 05 37,      8.009,      0.000,      0.000,       -0.307,       -1.370,      7.885
415             ,  144 52 05 ,   14 23 19,      8.131,      0.000,      0.000,        1.163,       -1.652,      7.876
416             ,  126 57 57 ,   18 37 15,      8.311,      0.000,      0.000,        2.120,       -1.596,      7.876
417             ,  147 40 06 ,   25 07 41,      8.684,      0.000,      0.000,        1.972,       -3.116,      7.862
418             ,  159 57 24 ,   23 26 46,      8.572,      0.000,      0.000,        1.169,       -3.204,      7.865
419             ,  171 26 20 ,   23 12 53,      8.559,      0.000,      0.000,        0.502,       -3.336,      7.866
420             ,  195 41 46 ,   23 13 39,      8.570,      0.000,      0.000,       -0.914,       -3.254,      7.875
421             ,  212 46 49 ,   25 20 43,      8.723,      0.000,      0.000,       -2.022,       -3.140,      7.884
422             ,  223 43 25 ,   28 37 30,      8.986,      0.000,      0.000,       -2.975,       -3.111,      7.888
423             ,  210 28 27 ,   32 29 20,      9.344,      0.000,      0.000,       -2.545,       -4.326,      7.882
424             ,  191 24 09 ,   30 04 32,      9.094,      0.000,      0.000,       -0.901,       -4.468,      7.870
425             ,  172 45 19 ,   30 04 36,      9.088,      0.000,      0.000,        0.574,       -4.518,      7.864
426             ,  155 10 12 ,   31 46 41,      9.245,      0.000,      0.000,        2.045,       -4.419,      7.859
427             ,  223 33 50 ,  111 14 10,      3.904,      0.000,      0.000,       -2.508,       -2.637,     -1.414
428             ,  209 09 52 ,  115 57 00,      3.247,      0.000,      0.000,       -1.423,       -2.549,     -1.421
429             ,  189 21 21 ,  119 25 46,      2.888,      0.000,      0.000,       -0.409,       -2.482,     -1.419
430             ,  167 50 25 ,  119 25 32,      2.906,      0.000,      0.000,        0.533,       -2.474,     -1.428
431             ,  145 39 55 ,  117 22 50,      3.123,      0.000,      0.000,        1.564,       -2.290,     -1.436
432             ,  140 35 40 ,  129 56 00,      2.240,      0.000,      0.000,        1.090,       -1.327,     -1.438
433             ,  175 12 33 ,  135 07 28,      2.012,      0.000,      0.000,        0.119,       -1.415,     -1.426
434             ,  212 03 49 ,  128 43 20,      2.274,      0.000,      0.000,       -0.942,       -1.503,     -1.422
435             ,  227 51 37 ,  122 18 21,      2.650,      0.000,      0.000,       -1.661,       -1.503,     -1.416
436             ,  237 15 32 ,  114 29 46,      3.407,      0.000,      0.000,       -2.608,       -1.677,     -1.413
437             ,  269 05 32 ,  114 26 47,      3.428,      0.000,      0.000,       -3.120,       -0.049,     -1.419
438             ,  266 02 29 ,  132 09 02,      2.126,      0.000,      0.000,       -1.573,       -0.109,     -1.427
439             ,  266 02 28 ,  146 33 00,      1.717,      0.000,      0.000,       -0.944,       -0.065,     -1.433
440             ,   31 18 19 ,  149 54 11,      1.656,      0.000,      0.000,        0.431,        0.709,     -1.433
441             ,    3 45 58 ,  135 12 37,      2.018,      0.000,      0.000,        0.093,        1.419,     -1.432
442             ,  340 09 20 ,  134 01 24,      2.063,      0.000,      0.000,       -0.504,        1.395,     -1.434
443             ,  312 28 12 ,  131 54 24,      2.146,      0.000,      0.000,       -1.178,        1.079,     -1.434
444             ,  308 27 50 ,  122 19 56,      2.667,      0.000,      0.000,       -1.765,        1.402,     -1.427
445             ,  294 41 29 ,  117 59 43,      3.041,      0.000,      0.000,       -2.440,        1.122,     -1.427
446             ,  358 53 11 ,  123 22 58,      2.596,      0.000,      0.000,       -0.042,        2.167,     -1.428
447             ,  345 50 30 ,  122 36 04,      2.655,      0.000,      0.000,       -0.547,        2.168,     -1.430
448             ,  334 31 50 ,  121 32 24,      2.737,      0.000,      0.000,       -1.003,        2.106,     -1.432
449             ,  309 45 33 ,  115 59 47,      3.270,      0.000,      0.000,       -2.259,        1.880,     -1.433
450             ,  300 37 40 ,  110 37 28,      4.026,      0.000,      0.000,       -3.242,        1.920,     -1.418
451             ,  316 21 56 ,  111 29 37,      3.894,      0.000,      0.000,       -2.500,        2.623,     -1.427
452             ,  331 33 21 ,  116 02 42,      3.253,      0.000,      0.000,       -1.392,        2.570,     -1.429
453             ,  352 16 51 ,  117 52 34,      3.049,      0.000,      0.000,       -0.362,        2.671,     -1.426
454             ,  350 38 30 ,  111 12 54,      3.941,      0.000,      0.000,       -0.597,        3.625,     -1.426
455             ,  338 28 41 ,  110 22 06,      4.098,      0.000,      0.000,       -1.409,        3.574,     -1.426
456             ,  325 47 41 ,  108 29 09,      4.494,      0.000,      0.000,       -2.396,        3.525,     -1.425
457             ,  331 25 22 ,  105 14 15,      5.402,      0.000,      0.000,       -2.493,        4.577,     -1.420
458             ,  338 17 20 ,  106 11 10,      5.086,      0.000,      0.000,       -1.807,        4.538,     -1.418
459             ,  347 43 16 ,  106 40 44,      4.949,      0.000,      0.000,       -1.008,        4.633,     -1.421
460             ,  347 04 35 ,  103 29 08,      6.068,      0.000,      0.000,       -1.320,        5.751,     -1.415
461             ,  340 33 46 ,  103 28 59,      6.063,      0.000,      0.000,       -1.962,        5.560,     -1.414
462             ,  331 19 21 ,  103 21 12,      6.148,      0.000,      0.000,       -2.870,        5.248,     -1.420
463             ,  349 10 30 ,  101 20 50,      6.260,      0.000,      0.000,       -1.153,        6.029,     -1.232
464             ,  356 27 01 ,   93 58 26,      6.168,      0.000,      0.000,       -0.381,        6.141,     -0.427
465             ,    3 41 35 ,   85 57 02,      6.504,      0.000,      0.000,        0.418,        6.474,      0.459
466             ,   13 42 59 ,   81 28 26,      5.284,      0.000,      0.000,        1.239,        5.077,      0.783
467             ,    5 15 25 ,   89 31 13,      5.185,      0.000,      0.000,        0.475,        5.163,      0.043
468             ,  356 38 16 ,   98 48 05,      5.052,      0.000,      0.000,       -0.293,        4.984,     -0.773
469             ,  350 22 03 ,  104 44 18,      5.178,      0.000,      0.000,       -0.838,        4.937,     -1.317
470             ,  355 19 15 ,  112 26 48,      3.529,      0.000,      0.000,       -0.266,        3.251,     -1.348
471             ,    7 27 17 ,  100 11 46,      3.437,      0.000,      0.000,        0.439,        3.354,     -0.608
472             ,   15 10 08 ,   89 35 01,      3.766,      0.000,      0.000,        0.986,        3.635,      0.027
473             ,   27 09 17 ,   76 46 07,      4.310,      0.000,      0.000,        1.915,        3.733,      0.986
474             ,   47 30 02 ,   80 15 53,      2.846,      0.000,      0.000,        2.068,        1.895,      0.481
475             ,   38 31 01 ,   92 05 42,      2.404,      0.000,      0.000,        1.496,        1.880,     -0.088
476             ,   27 48 10 ,  111 26 19,      2.052,      0.000,      0.000,        0.891,        1.689,     -0.750
477             ,   20 32 23 ,  132 18 40,      1.905,      0.000,      0.000,        0.494,        1.319,     -1.282
478             ,   74 02 30 ,   85 00 38,      2.338,      0.000,      0.000,        2.240,        0.640,      0.203
479             ,   76 03 13 ,  104 05 10,      1.774,      0.000,      0.000,        1.669,        0.415,     -0.432
480             ,   76 03 19 ,  117 23 47,      1.608,      0.000,      0.000,        1.385,        0.344,     -0.740
481             ,   84 38 50 ,  145 39 37,      1.589,      0.000,      0.000,        0.893,        0.084,     -1.312
482             ,  112 07 06 ,   95 39 07,      2.550,      0.000,      0.000,        2.351,       -0.956,     -0.251
483             ,  118 43 50 ,  113 50 42,      2.147,      0.000,      0.000,        1.722,       -0.944,     -0.868
484             ,  130 03 56 ,  129 16 59,      2.136,      0.000,      0.000,        1.265,       -1.064,     -1.352
485             ,  130 03 56 ,   99 12 57,      3.253,      0.000,      0.000,        2.457,       -2.067,     -0.521
486             ,  143 23 59 ,  115 26 58,      3.117,      0.000,      0.000,        1.678,       -2.260,     -1.339
487             ,  138 18 44 ,   99 17 17,      3.870,      0.000,      0.000,        2.540,       -2.852,     -0.625
488             ,  147 33 38 ,  112 39 03,      3.562,      0.000,      0.000,        1.763,       -2.774,     -1.372
489             ,   13 40 49 ,   55 23 26,      8.100,      0.000,      0.000,        1.577,        6.477,      4.600
490             ,   11 46 23 ,   60 41 53,      7.598,      0.000,      0.000,        1.352,        6.487,      3.719
491             ,   10 48 25 ,   63 23 20,      7.414,      0.000,      0.000,        1.243,        6.511,      3.321
492             ,    8 43 32 ,   70 08 00,      7.011,      0.000,      0.000,        1.000,        6.518,      2.383
493             ,    7 51 14 ,   73 21 45,      6.865,      0.000,      0.000,        0.899,        6.516,      1.966
494             ,    5 27 09 ,   82 46 33,      6.588,      0.000,      0.000,        0.621,        6.506,      0.828
495             ,   12 41 56 ,   79 57 53,      5.564,      0.000,      0.000,        1.204,        5.345,      0.969
496             ,   13 42 20 ,   73 55 35,      5.822,      0.000,      0.000,        1.325,        5.435,      1.612
497             ,   13 42 33 ,   70 18 41,      6.126,      0.000,      0.000,        1.367,        5.603,      2.064
498             ,   13 48 52 ,   67 26 03,      6.395,      0.000,      0.000,        1.410,        5.735,      2.454
499             ,   15 27 14 ,   61 24 39,      6.805,      0.000,      0.000,        1.592,        5.760,      3.257
500             ,   17 16 04 ,   58 34 19,      6.913,      0.000,      0.000,        1.751,        5.633,      3.605
501             ,   19 34 49 ,   54 27 31,      7.153,      0.000,      0.000,        1.951,        5.484,      4.158
502             ,   25 42 16 ,   53 28 54,      6.475,      0.000,      0.000,        2.257,        4.689,      3.853
503             ,   24 05 21 ,   59 37 34,      5.868,      0.000,      0.000,        2.066,        4.621,      2.967
504             ,   22 06 06 ,   66 52 47,      5.434,      0.000,      0.000,        1.880,        4.631,      2.134
505             ,   22 26 54 ,   75 40 03,      4.806,      0.000,      0.000,        1.778,        4.304,      1.190
506             ,   27 18 14 ,   73 56 10,      4.513,      0.000,      0.000,        1.989,        3.853,      1.249
507             ,   28 31 35 ,   68 05 58,      4.761,      0.000,      0.000,        2.110,        3.881,      1.776
508             ,   30 46 10 ,   61 54 00,      5.060,      0.000,      0.000,        2.284,        3.835,      2.383
509             ,   33 20 18 ,   53 20 38,      5.786,      0.000,      0.000,        2.551,        3.878,      3.454
510             ,   36 50 18 ,   52 39 20,      5.472,      0.000,      0.000,        2.608,        3.482,      3.319
511             ,   34 21 05 ,   61 16 16,      4.758,      0.000,      0.000,        2.354,        3.445,      2.287
512             ,   31 22 23 ,   72 59 49,      4.195,      0.000,      0.000,        2.089,        3.425,      1.227
513             ,   48 07 30 ,   73 41 05,      3.132,      0.000,      0.000,        2.238,        2.007,      0.880
514             ,   50 21 27 ,   61 33 01,      3.610,      0.000,      0.000,        2.444,        2.025,      1.720
515             ,   53 46 19 ,   48 26 18,      4.593,      0.000,      0.000,        2.772,        2.031,      3.047
516             ,   81 30 55 ,   46 24 14,      4.152,      0.000,      0.000,        2.974,        0.444,      2.863
517             ,   81 30 51 ,   55 50 47,      3.360,      0.000,      0.000,        2.750,        0.410,      1.887
518             ,   81 30 48 ,   70 18 12,      2.711,      0.000,      0.000,        2.525,        0.377,      0.914
519             ,   81 34 49 ,   81 42 49,      2.438,      0.000,      0.000,        2.387,        0.353,      0.351
520             ,  110 04 09 ,   89 37 22,      2.678,      0.000,      0.000,        2.515,       -0.919,      0.018
521             ,  108 47 11 ,   69 13 34,      3.144,      0.000,      0.000,        2.783,       -0.947,      1.115
522             ,  107 24 11 ,   62 50 53,      3.388,      0.000,      0.000,        2.877,       -0.902,      1.546
523             ,  107 24 21 ,   52 50 13,      4.077,      0.000,      0.000,        3.100,       -0.972,      2.463
524             ,  123 09 18 ,   63 58 41,      4.127,      0.000,      0.000,        3.105,       -2.028,      1.811
525             ,  124 11 35 ,   77 51 43,      3.515,      0.000,      0.000,        2.842,       -1.931,      0.739
526             ,  126 52 49 ,   93 03 02,      3.297,      0.000,      0.000,        2.633,       -1.976,     -0.175
527             ,  130 37 48 ,   70 17 13,      4.323,      0.000,      0.000,        3.089,       -2.650,      1.458
528             ,  131 02 47 ,   80 19 05,      3.888,      0.000,      0.000,        2.890,       -2.516,      0.654
529             ,  134 21 48 ,   94 03 28,      3.761,      0.000,      0.000,        2.682,       -2.623,     -0.266
530             ,  144 04 20 ,   95 56 27,      4.717,      0.000,      0.000,        2.753,       -3.799,     -0.488
531             ,  142 48 09 ,   86 25 15,      4.876,      0.000,      0.000,        2.942,       -3.877,      0.304
532             ,  141 13 49 ,   78 06 11,      5.074,      0.000,      0.000,        3.109,       -3.871,      1.046
533             ,   14 15 53 ,   47 21 35,      9.033,      0.000,      0.000,        1.637,        6.440,      6.119
534             ,   14 15 46 ,   50 18 55,      8.626,      0.000,      0.000,        1.635,        6.433,      5.508
535             ,   13 47 08 ,   53 49 27,      8.319,      0.000,      0.000,        1.600,        6.521,      4.910
536             ,   20 11 24 ,   52 22 24,      7.329,      0.000,      0.000,        2.003,        5.448,      4.475
537             ,   18 49 19 ,   47 06 56,      8.156,      0.000,      0.000,        1.928,        5.656,      5.550
538             ,   18 49 15 ,   44 13 34,      8.564,      0.000,      0.000,        1.927,        5.654,      6.137
539             ,   26 22 44 ,   40 07 29,      8.033,      0.000,      0.000,        2.300,        4.638,      6.142
540             ,   26 22 45 ,   44 06 22,      7.452,      0.000,      0.000,        2.304,        4.646,      5.351
541             ,   26 23 08 ,   51 31 14,      6.625,      0.000,      0.000,        2.305,        4.646,      4.123
542             ,   32 55 31 ,   50 47 42,      6.081,      0.000,      0.000,        2.561,        3.955,      3.844
543             ,   32 55 32 ,   44 26 02,      6.735,      0.000,      0.000,        2.563,        3.958,      4.809
544             ,   32 55 29 ,   40 17 17,      7.290,      0.000,      0.000,        2.562,        3.957,      5.561
545             ,   32 55 23 ,   37 17 27,      7.775,      0.000,      0.000,        2.560,        3.954,      6.186
546             ,   35 54 21 ,   36 15 17,      7.631,      0.000,      0.000,        2.646,        3.655,      6.153
547             ,   35 54 21 ,   39 59 10,      7.012,      0.000,      0.000,        2.643,        3.650,      5.373
548             ,   35 54 23 ,   43 49 16,      6.507,      0.000,      0.000,        2.642,        3.649,      4.695
549             ,   36 01 23 ,   49 50 27,      5.897,      0.000,      0.000,        2.651,        3.645,      3.803
550             ,   50 24 57 ,   45 32 27,      5.095,      0.000,      0.000,        2.803,        2.317,      3.569
551             ,   50 24 45 ,   41 18 32,      5.510,      0.000,      0.000,        2.803,        2.318,      4.139
552             ,   48 22 29 ,   38 33 27,      5.977,      0.000,      0.000,        2.785,        2.475,      4.674
553             ,   48 14 17 ,   35 02 17,      6.508,      0.000,      0.000,        2.787,        2.489,      5.329
554             ,   48 14 24 ,   31 17 16,      7.206,      0.000,      0.000,        2.791,        2.492,      6.158
555             ,   68 43 59 ,   27 17 13,      6.900,      0.000,      0.000,        2.948,        1.147,      6.132
556             ,   69 52 46 ,   31 31 20,      6.020,      0.000,      0.000,        2.955,        1.083,      5.132
557             ,   69 52 47 ,   35 13 51,      5.451,      0.000,      0.000,        2.953,        1.082,      4.452
558             ,   69 52 46 ,   43 22 38,      4.577,      0.000,      0.000,        2.952,        1.081,      3.327
559             ,   91 40 41 ,   43 31 39,      4.493,      0.000,      0.000,        3.093,       -0.091,      3.258
560             ,   91 40 47 ,   38 05 35,      5.020,      0.000,      0.000,        3.096,       -0.091,      3.951
561             ,   91 40 47 ,   34 27 11,      5.470,      0.000,      0.000,        3.093,       -0.091,      4.511
562             ,   91 40 44 ,   29 44 24,      6.253,      0.000,      0.000,        3.101,       -0.091,      5.430
563             ,   91 40 41 ,   26 44 26,      6.894,      0.000,      0.000,        3.101,       -0.091,      6.157
564             ,   99 44 24 ,   28 12 07,      6.736,      0.000,      0.000,        3.137,       -0.539,      5.936
565             ,   99 44 25 ,   34 10 54,      5.656,      0.000,      0.000,        3.132,       -0.538,      4.679
566             ,   99 44 26 ,   42 41 11,      4.688,      0.000,      0.000,        3.133,       -0.538,      3.446
567             ,   99 44 33 ,   46 29 44,      4.381,      0.000,      0.000,        3.132,       -0.538,      3.016
568             ,  116 19 48 ,   55 26 02,      4.253,      0.000,      0.000,        3.139,       -1.553,      2.413
569             ,  114 35 32 ,   49 16 36,      4.561,      0.000,      0.000,        3.143,       -1.439,      2.976
570             ,  114 35 44 ,   41 57 19,      5.167,      0.000,      0.000,        3.141,       -1.438,      3.842
571             ,  114 35 46 ,   37 41 17,      5.644,      0.000,      0.000,        3.138,       -1.436,      4.467
572             ,  114 35 46 ,   34 17 50,      6.127,      0.000,      0.000,        3.139,       -1.437,      5.062
573             ,  114 35 37 ,   30 00 37,      6.918,      0.000,      0.000,        3.146,       -1.440,      5.991
574             ,  127 37 47 ,   33 37 14,      7.210,      0.000,      0.000,        3.162,       -2.438,      6.004
575             ,  127 37 42 ,   38 27 16,      6.405,      0.000,      0.000,        3.155,       -2.432,      5.016
576             ,  127 37 44 ,   42 05 19,      5.923,      0.000,      0.000,        3.144,       -2.424,      4.395
577             ,  127 37 50 ,   47 55 17,      5.350,      0.000,      0.000,        3.145,       -2.424,      3.585
578             ,  127 37 48 ,   52 50 27,      4.983,      0.000,      0.000,        3.145,       -2.425,      3.010
579             ,  127 37 48 ,   63 34 10,      4.438,      0.000,      0.000,        3.148,       -2.427,      1.976
580             ,  140 58 10 ,   74 15 07,      5.197,      0.000,      0.000,        3.150,       -3.885,      1.410
581             ,  140 58 18 ,   65 31 11,      5.504,      0.000,      0.000,        3.154,       -3.891,      2.281
582             ,  140 58 18 ,   58 30 51,      5.899,      0.000,      0.000,        3.168,       -3.908,      3.081
583             ,  140 58 20 ,   53 34 07,      6.245,      0.000,      0.000,        3.164,       -3.903,      3.709
584             ,  140 58 18 ,   48 19 08,      6.733,      0.000,      0.000,        3.167,       -3.907,      4.478
585             ,  140 58 18 ,   44 21 03,      7.203,      0.000,      0.000,        3.171,       -3.912,      5.151
586             ,  140 58 13 ,   39 29 15,      7.945,      0.000,      0.000,        3.182,       -3.925,      6.132
587             ,   13 12 04 ,   45 40 13,      9.357,      0.000,      0.000,        1.529,        6.516,      6.539
588             ,   11 03 22 ,   42 37 28,      9.702,      0.000,      0.000,        1.260,        6.448,      7.139
589             ,   17 42 55 ,   35 42 03,      9.091,      0.000,      0.000,        1.614,        5.054,      7.383
590             ,   19 39 49 ,   38 12 14,      8.781,      0.000,      0.000,        1.827,        5.114,      6.900
591             ,   21 21 11 ,   40 41 54,      8.537,      0.000,      0.000,        2.027,        5.184,      6.472
592             ,   24 54 34 ,   34 57 42,      8.490,      0.000,      0.000,        2.049,        4.412,      6.958
593             ,   28 30 01 ,   29 57 19,      8.569,      0.000,      0.000,        2.042,        3.760,      7.424
594             ,   30 56 27 ,   32 38 35,      8.224,      0.000,      0.000,        2.281,        3.805,      6.925
595             ,   32 55 06 ,   35 50 21,      7.932,      0.000,      0.000,        2.524,        3.899,      6.430
596             ,   15 22 46 ,   41 15 01,      9.151,      0.000,      0.000,        1.600,        5.817,      6.880
597             ,   35 43 06 ,   34 24 04,      7.838,      0.000,      0.000,        2.585,        3.595,      6.467
598             ,   48 13 22 ,   29 39 32,      7.425,      0.000,      0.000,        2.740,        2.448,      6.453
599             ,   71 42 56 ,   25 12 47,      7.154,      0.000,      0.000,        2.894,        0.956,      6.472
600             ,   93 29 52 ,   25 06 09,      7.151,      0.000,      0.000,        3.028,       -0.185,      6.476
601             ,   93 29 21 ,   19 24 46,      7.803,      0.000,      0.000,        2.589,       -0.158,      7.359
602             ,   69 42 08 ,   19 28 06,      7.843,      0.000,      0.000,        2.452,        0.907,      7.395
603             ,   49 54 23 ,   22 38 37,      7.960,      0.000,      0.000,        2.344,        1.974,      7.346
604             ,   31 07 47 ,   28 55 49,      8.451,      0.000,      0.000,        2.114,        3.500,      7.397
605             ,   42 20 24 ,   27 44 09,      7.859,      0.000,      0.000,        2.463,        2.703,      6.956
606             ,   59 34 17 ,   23 34 11,      7.549,      0.000,      0.000,        2.603,        1.529,      6.920
607             ,   76 22 25 ,   22 03 45,      7.446,      0.000,      0.000,        2.718,        0.659,      6.900
608             ,   94 49 53 ,   22 03 45,      7.492,      0.000,      0.000,        2.804,       -0.237,      6.944
609             ,   99 21 55 ,   25 49 52,      7.149,      0.000,      0.000,        3.073,       -0.507,      6.434
610             ,  116 54 31 ,   28 02 34,      7.327,      0.000,      0.000,        3.072,       -1.559,      6.467
611             ,  132 52 17 ,   33 17 56,      7.707,      0.000,      0.000,        3.101,       -2.879,      6.442
612             ,  141 34 08 ,   37 50 13,      8.167,      0.000,      0.000,        3.114,       -3.924,      6.450
613             ,  143 57 23 ,   35 00 23,      8.492,      0.000,      0.000,        2.867,       -3.939,      6.956
614             ,  137 31 28 ,   31 31 50,      8.115,      0.000,      0.000,        2.866,       -3.130,      6.917
615             ,  126 23 43 ,   27 26 30,      7.758,      0.000,      0.000,        2.878,       -2.121,      6.885
616             ,  114 11 36 ,   24 32 35,      7.557,      0.000,      0.000,        2.863,       -1.286,      6.874
617             ,   99 13 57 ,   22 37 49,      7.480,      0.000,      0.000,        2.841,       -0.462,      6.904
618             ,  100 32 43 ,   19 37 16,      7.867,      0.000,      0.000,        2.597,       -0.483,      7.410
619             ,  119 15 26 ,   21 57 32,      7.998,      0.000,      0.000,        2.609,       -1.462,      7.418
620             ,  136 23 38 ,   27 37 06,      8.292,      0.000,      0.000,        2.651,       -2.783,      7.347
621             ,  145 28 47 ,   32 25 31,      8.740,      0.000,      0.000,        2.656,       -3.861,      7.377
622             ,   10 31 57 ,   37 51 51,      9.944,      0.000,      0.000,        1.116,        6.001,      7.850
623             ,   10 10 42 ,   40 40 17,      9.895,      0.000,      0.000,        1.140,        6.347,      7.505
624             ,   14 24 41 ,   35 18 54,      9.509,      0.000,      0.000,        1.368,        5.324,      7.759
625             ,   19 52 41 ,   31 09 50,      9.175,      0.000,      0.000,        1.614,        4.465,      7.851
626             ,   19 52 42 ,   32 41 43,      9.053,      0.000,      0.000,        1.663,        4.599,      7.618
627             ,   27 16 35 ,   27 45 36,      8.876,      0.000,      0.000,        1.895,        3.675,      7.855
628             ,   27 16 37 ,   29 09 22,      8.725,      0.000,      0.000,        1.948,        3.778,      7.619
629             ,   29 37 49 ,   27 59 59,      8.645,      0.000,      0.000,        2.006,        3.528,      7.633
630             ,   40 44 59 ,   23 33 57,      8.283,      0.000,      0.000,        2.162,        2.509,      7.592
631             ,   60 12 43 ,   19 16 14,      8.049,      0.000,      0.000,        2.306,        1.320,      7.598
632             ,   97 10 03 ,   18 16 10,      8.012,      0.000,      0.000,        2.492,       -0.313,      7.608
633             ,   29 55 04 ,   26 38 57,      8.762,      0.000,      0.000,        1.960,        3.406,      7.832
634             ,   40 43 31 ,   22 14 31,      8.452,      0.000,      0.000,        2.087,        2.425,      7.824
635             ,   62 36 45 ,   17 51 48,      8.215,      0.000,      0.000,        2.238,        1.159,      7.819
636             ,   96 33 30 ,   17 10 01,      8.184,      0.000,      0.000,        2.400,       -0.276,      7.820
637             ,  100 31 38 ,   18 28 03,      8.028,      0.000,      0.000,        2.500,       -0.465,      7.614
638             ,  100 31 38 ,   17 24 00,      8.194,      0.000,      0.000,        2.409,       -0.448,      7.819
639             ,  120 18 04 ,   21 04 42,      8.142,      0.000,      0.000,        2.528,       -1.477,      7.597
640             ,  120 18 03 ,   19 47 55,      8.303,      0.000,      0.000,        2.428,       -1.419,      7.812
641             ,  135 50 11 ,   25 35 43,      8.417,      0.000,      0.000,        2.533,       -2.608,      7.591
642             ,  135 50 12 ,   24 11 19,      8.552,      0.000,      0.000,        2.441,       -2.514,      7.801
643             ,  145 54 20 ,   31 04 39,      8.838,      0.000,      0.000,        2.557,       -3.778,      7.570
644             ,  145 54 20 ,   29 20 19,      8.922,      0.000,      0.000,        2.451,       -3.620,      7.778
645             ,  294 02 52 ,   89 30 50,      2.915,      0.000,      0.000,       -2.662,        1.188,      0.025
646             ,  321 24 43 ,  144 14 19,      1.744,      0.000,      0.000,       -0.636,        0.797,     -1.415
