#Plane 6. 
2021.2414551063,3693.3304419355,1097.9490209316 
2607.4596589456,3772.4597669005,3617.7370124689 
-796.4582786768,9090.0075220097, 231.3554144953 
1268.2303479355,7338.2618037022,5153.9184518576 
#ERRORs at Segment 0: 
,2021.2414551063,3693.3304419355,1097.9490209316 
 2607.4596589456,3772.4597669005,3617.7370124689 
#Plane 6. 
2021.2414551063,3693.3304419355,1097.9490209316 
2607.4596589456,3772.4597669005,3617.7370124689 
-796.4582786768,9090.0075220097, 231.3554144953 
1268.2303479355,7338.2618037022,5153.9184518576 
#ERRORs at Segment 3: 
,1268.2303479438,7338.2618036955,5153.9184518636 
 2607.4596589454,3772.4597669088,3617.7370124801 
#Plane 7. 
3114.0672609850,-385.4574099472,2979.2242773913 
2611.1432714087,3772.9569909031,3633.5705747543 
3152.7235820809,-4449.0700608795, 434.2062502128 
2803.4946333012,-4452.7420401946,-1037.9482213097 
2021.2414551067,3693.3304419328,1097.9490209303 
#ERRORs at Segment 0: 
,3114.0672609850,-385.4574099472,2979.2242773913 
 2611.1432714087,3772.9569909031,3633.5705747543 
#Plane 7. 
3114.0672609850,-385.4574099472,2979.2242773913 
2611.1432714087,3772.9569909031,3633.5705747543 
3152.7235820809,-4449.0700608795, 434.2062502128 
2803.4946333012,-4452.7420401946,-1037.9482213097 
2021.2414551067,3693.3304419328,1097.9490209303 
#ERRORs at Segment 4: 
,2021.2414551063,3693.3304419355,1097.9490209316 
 2611.1432714050,3772.9569909127,3633.5705747499 
#Plane 8. 
1268.2303479438,7338.2618036955,5153.9184518636 
2613.0198720533,3757.6552677374,3611.3590934000 
1434.4288414026,6875.4633194907,6449.7549320243 
2614.3226132696,3718.2573901547,6243.1221672025 
#ERRORs at Segment 0: 
,1268.2303479438,7338.2618036955,5153.9184518636 
 2613.0198720533,3757.6552677374,3611.3590934000 
#Plane 8. 
1268.2303479438,7338.2618036955,5153.9184518636 
2613.0198720533,3757.6552677374,3611.3590934000 
1434.4288414026,6875.4633194907,6449.7549320243 
2614.3226132696,3718.2573901547,6243.1221672025 
#ERRORs at Segment 2: 
,1434.4288414039,6875.4633194906,6449.7549320213 
 2614.3226132696,3718.2573901547,6243.1221672025 
#Plane 8. 
1268.2303479438,7338.2618036955,5153.9184518636 
2613.0198720533,3757.6552677374,3611.3590934000 
1434.4288414026,6875.4633194907,6449.7549320243 
2614.3226132696,3718.2573901547,6243.1221672025 
#ERRORs at Segment 3: 
,2613.0198720533,3757.6552677248,3611.3590933881 
 2614.3226132676,3718.2573901490,6243.1221672107 
#Plane 9. 
3114.0672609850,-385.4574099472,2979.2242773913 
2613.0296519826,3757.3595004145,3631.1162353919 
2614.3683338582,3716.8746947923,6335.4856853999 
3118.1482027687,-455.4341442034,6307.2108202052 
#ERRORs at Segment 0: 
,3114.0672609850,-385.4574099472,2979.2242773913 
 2613.0296519826,3757.3595004145,3631.1162353919 
#Plane 9. 
3114.0672609850,-385.4574099472,2979.2242773913 
2613.0296519826,3757.3595004145,3631.1162353919 
2614.3683338582,3716.8746947923,6335.4856853999 
3118.1482027687,-455.4341442034,6307.2108202052 
#ERRORs at Segment 1: 
,2613.0296519774,3757.3595004236,3631.1162353872 
 2614.3683338582,3716.8746947923,6335.4856853999 
#Plane 9. 
3114.0672609850,-385.4574099472,2979.2242773913 
2613.0296519826,3757.3595004145,3631.1162353919 
2614.3683338582,3716.8746947923,6335.4856853999 
3118.1482027687,-455.4341442034,6307.2108202052 
#ERRORs at Segment 2: 
,2614.3683338600,3716.8746947957,6335.4856853938 
 3118.1482027687,-455.4341442034,6307.2108202052 
#Plane 9. 
3114.0672609850,-385.4574099472,2979.2242773913 
2613.0296519826,3757.3595004145,3631.1162353919 
2614.3683338582,3716.8746947923,6335.4856853999 
3118.1482027687,-455.4341442034,6307.2108202052 
#ERRORs at Segment 3: 
,3114.0672609833,-385.4574099443,2979.2242773849 
 3118.1482027652,-455.4341442031,6307.2108202122 
#Plane 10. 
3114.0672609833,-385.4574099443,2979.2242773849 
3118.1428913604,-455.3430684713,6302.8793975912 
3152.7235820809,-4449.0700608795, 434.2062502128 
3158.6593038931,-4449.0076495395,6295.0291037061 
#ERRORs at Segment 0: 
,3114.0672609833,-385.4574099443,2979.2242773849 
 3118.1428913604,-455.3430684713,6302.8793975912 
#Plane 10. 
3114.0672609833,-385.4574099443,2979.2242773849 
3118.1428913604,-455.3430684713,6302.8793975912 
3152.7235820809,-4449.0700608795, 434.2062502128 
3158.6593038931,-4449.0076495395,6295.0291037061 
#ERRORs at Segment 3: 
,3158.6593038916,-4449.0076495380,6295.0291037037 
 3118.1428913638,-455.3430684705,6302.8793975838 
#Plane 11. 
1434.4288414039,6875.4633194906,6449.7549320213 
2688.8068796457,3518.9494752794,6230.0778658732 
 892.9074381528,6334.6677081564,7954.9266812714 
1863.3808275784,3541.2575852612,7924.3000969672 
#ERRORs at Segment 0: 
,1434.4288414039,6875.4633194906,6449.7549320213 
 2688.8068796457,3518.9494752794,6230.0778658732 
#Plane 11. 
1434.4288414039,6875.4633194906,6449.7549320213 
2688.8068796457,3518.9494752794,6230.0778658732 
 892.9074381528,6334.6677081564,7954.9266812714 
1863.3808275784,3541.2575852612,7924.3000969672 
#ERRORs at Segment 3: 
,1863.3808275958,3541.2575852633,7924.3000969684 
 2688.8068796447,3518.9494752792,6230.0778659048 
#Plane 12. 
2638.1010854910,3520.3198590137,6334.1536743423 
3115.7852090319,-435.8638114784,6307.3434442608 
1863.3808275958,3541.2575852633,7924.3000969684 
2346.8051862923,-400.7764281768,7882.2482613601 
#ERRORs at Segment 0: 
,2638.1010854910,3520.3198590137,6334.1536743423 
 3115.7852090319,-435.8638114784,6307.3434442608 
#Plane 12. 
2638.1010854910,3520.3198590137,6334.1536743423 
3115.7852090319,-435.8638114784,6307.3434442608 
1863.3808275958,3541.2575852633,7924.3000969684 
2346.8051862923,-400.7764281768,7882.2482613601 
#ERRORs at Segment 1: 
,1863.3808275958,3541.2575852633,7924.3000969684 
 2638.1010854918,3520.3198590101,6334.1536743729 
#Plane 12. 
2638.1010854910,3520.3198590137,6334.1536743423 
3115.7852090319,-435.8638114784,6307.3434442608 
1863.3808275958,3541.2575852633,7924.3000969684 
2346.8051862923,-400.7764281768,7882.2482613601 
#ERRORs at Segment 3: 
,2346.8051863185,-400.7764281770,7882.2482613600 
 3115.7852090318,-435.8638114788,6307.3434443038 
#Plane 13. 
2346.8051863185,-400.7764281770,7882.2482613600 
3117.9462713334,-435.9624174491,6302.9174939172 
2404.8997665074,-4456.9330790884,7839.5581631440 
3158.6593038934,-4449.0076495366,6295.0291037083 
#ERRORs at Segment 0: 
,2346.8051863185,-400.7764281770,7882.2482613600 
 3117.9462713334,-435.9624174491,6302.9174939172 
#Plane 13. 
2346.8051863185,-400.7764281770,7882.2482613600 
3117.9462713334,-435.9624174491,6302.9174939172 
2404.8997665074,-4456.9330790884,7839.5581631440 
3158.6593038934,-4449.0076495366,6295.0291037083 
#ERRORs at Segment 3: 
,3158.6593038916,-4449.0076495380,6295.0291037037 
 3117.9462713332,-435.9624174471,6302.9174938743 
