CHECKING DISTANT FROM POINTS TO AVERAGE PLANE TO REMOVE INCORRECT POINT. 

Distant of points(mm) belongs the plane 0 (51 points): 
 6.83(405),  6.49(441),  6.35(397),  5.94(399),  5.70(404),  5.57(411),  5.55(407),  5.54(398),  5.36(431),  5.17(443),  4.86(433),  4.79(412),  4.61(402),  4.56(432),  4.54(422),  4.19(401),  4.13(406),  4.06(437),  3.93(400),  3.72(420),  3.40(409),  3.38(428),  3.14(417),  3.14(410),  3.03(416),  2.97(436),  2.96(423),  2.73(438),  2.19(429),  1.87(424),  1.83(396),  1.55(444),  1.51(426),  1.48(427),  1.32(435),  1.32(395),  1.23(418),  1.21(445),  1.07(442),  1.06(408),  1.02(440),  0.96(413),  0.95(403),  0.87(414),  0.74(421),  0.52(425),  0.40(419),  0.37(434),  0.37(415),  0.08(430),  0.00(439), 
Distant of points(mm) belongs the plane 1 (42 points): 
 9.20(391),  8.62(377),  6.10(378),  5.82(393),  4.93(392),  4.74(367),  4.06(385),  4.04(364),  3.85(383),  3.76(376),  3.55(390),  3.26(382),  3.21(370),  3.15(373),  3.01(360),  2.93(357),  2.81(366),  2.71(363),  2.49(381),  1.73(356),  1.70(379),  1.62(388),  1.62(365),  1.57(353),  1.39(380),  1.25(374),  1.13(368),  1.05(355),  1.02(369),  0.85(384),  0.81(375),  0.79(386),  0.66(361),  0.62(394),  0.53(362),  0.38(371),  0.31(358),  0.19(354),  0.18(389),  0.10(372),  0.06(359),  0.04(387), 
Distant of points(mm) belongs the plane 5 (37 points): 
25.76(475), 23.28(480), 21.70(464), 15.84(463), 15.11(446), 15.03(459), 14.77(453), 13.79(476), 11.72(469), 11.52(449), 10.92(465), 10.10(468),  9.69(452),  9.66(462),  9.50(479),  9.14(460),  8.81(458),  7.43(448),  7.38(450),  7.02(447),  6.25(461),  6.11(451),  6.06(473),  5.92(482),  5.13(470),  4.46(477),  3.62(466),  3.09(467),  2.72(454),  2.31(472),  2.10(471),  1.31(481),  1.23(455),  1.17(483),  1.14(478),  0.37(456),  0.18(457), 
Distant of points(mm) belongs the plane 6 (17 points): 
22.71(488), 14.46(501), 12.79(500),  9.02(490),  6.72(504),  6.69(503),  6.26(495),  6.12(498),  5.19(493),  4.36(491),  3.65(494),  3.14(496),  2.65(489),  2.29(492),  1.44(499),  1.22(502),  1.07(497), 
Distant of points(mm) belongs the plane 7 (25 points): 
38.05(530), 34.99(508), 32.03(525), 26.56(516), 24.69(519), 24.63(511), 24.55(507), 19.66(520), 18.29(506), 17.69(522), 16.94(518), 15.06(510), 14.89(523), 11.19(527),  9.80(521),  8.67(528),  5.52(512),  4.73(524),  4.70(515),  3.28(529),  1.98(517),  1.96(509),  1.80(513),  0.12(526),  0.03(514), 
Distant of points(mm) belongs the plane 8 (10 points): 
11.60(541),  7.19(537),  6.32(542),  3.01(543),  2.01(545),  2.00(539),  1.73(540),  1.36(536),  0.96(544),  0.31(538), 
Distant of points(mm) belongs the plane 9 (14 points): 
19.80(556), 13.65(559), 10.92(554), 10.64(549),  9.60(558),  8.76(553),  8.62(557),  7.52(551),  6.60(550),  5.41(548),  5.30(555),  4.47(552),  3.99(547),  3.95(546), 
Distant of points(mm) belongs the plane 10 (25 points): 
21.54(563), 14.05(577),  9.12(568),  8.94(574),  8.09(561),  7.67(575),  7.44(566),  7.40(560),  7.36(573),  6.85(571),  6.12(570),  5.84(562),  5.82(578),  5.70(584),  4.81(567),  4.53(581),  4.48(585),  4.46(569),  4.26(580),  2.82(565),  2.78(582),  1.96(583),  1.47(579),  1.28(572),  1.25(576), 
Distant of points(mm) belongs the plane 11 (24 points): 
16.21(597), 15.75(647), 14.49(587), 14.23(595), 12.43(648), 10.77(588), 10.64(598),  8.84(601),  7.86(592),  7.86(642),  7.41(645),  7.22(644),  6.62(590),  6.31(600),  6.27(589),  5.65(593),  4.93(599),  3.66(594),  3.16(596),  2.87(586),  1.92(591),  0.85(641),  0.61(643),  0.12(646), 
Distant of points(mm) belongs the plane 12 (35 points): 
25.61(657), 14.89(602), 13.20(655), 12.45(620), 12.20(659), 10.44(650),  9.22(614),  8.58(649),  7.59(622),  6.77(616),  6.49(619),  5.59(653),  5.49(613),  5.39(656),  5.37(611),  4.83(621),  4.32(606),  4.20(654),  3.43(605),  3.38(604),  3.11(609),  2.88(617),  2.87(603),  2.84(623),  2.62(652),  2.06(618),  1.50(615),  1.38(661),  1.14(607),  0.70(658),  0.59(660),  0.51(651),  0.14(612),  0.05(608),  0.00(610), 
Distant of points(mm) belongs the plane 13 (31 points): 
14.82(673), 14.16(666), 12.79(664), 11.97(668), 11.87(662), 10.79(672), 10.48(626), 10.07(625),  8.75(634),  7.26(665),  6.37(674),  5.66(639),  5.54(640),  5.32(628),  4.81(636),  4.70(663),  4.20(631),  4.13(633),  3.88(671),  3.60(675),  2.51(667),  1.93(638),  1.68(669),  1.67(670),  1.64(624),  1.51(630),  0.51(632),  0.42(635),  0.19(637),  0.10(629),  0.04(627), 
