Point ID     ,  Hz.(º ' "),  V.(º ' "),Slope Dist.(m),Refl.Ht.(m),Inst.Ht.(m),Easting(m),  Northing(m),  Height(m)
 7777            ,    0 00 03 ,   88 19 34,          0,      0.000,      1.400,            0,            0,          0
2   ,  236 06 23 ,  119 35 54,      2.876,      0.000,      0.000,   0.68647,	   1.76991,	  -1.21616
3   ,  236 06 23 ,  119 35 54,      2.876,      0.000,      0.000,  -1.22096,	   1.67076,	  -1.21903
4   ,  236 06 23 ,  119 35 54,      2.876,      0.000,      0.000,  -1.03458,	   0.85221,	  -1.23308
5   ,  236 06 23 ,  119 35 54,      2.876,      0.000,      0.000,  -0.42830,	  -1.27828,	  -1.26957
6   ,  236 06 23 ,  119 35 54,      2.876,      0.000,      0.000,   0.92300,	  -1.19698,	  -1.26735
7   ,  236 06 23 ,  119 35 54,      2.876,      0.000,      0.000,   0.68647,	   1.76991,	  -1.21616
8   ,  236 06 23 ,  119 35 54,      2.876,      0.000,      0.000,   0.68804,	   1.75017,	   2.37849
9   ,  236 06 23 ,  119 35 54,      2.876,      0.000,      0.000,  -1.75930,	   1.62289,	   2.38488
10   ,  236 06 23 ,  119 35 54,      2.876,      0.000,      0.000,  -1.46410,	  -1.34060,	   2.33496
11   ,  236 06 23 ,  119 35 54,      2.876,      0.000,      0.000,   0.92300,	  -1.19698,	   2.32905
12   ,  236 06 23 ,  119 35 54,      2.876,      0.000,      0.000,   0.68804,	   1.75017,	   2.37849
13   ,  236 06 23 ,  119 35 54,      2.876,      0.000,      0.000,  -1.22096,	   1.67076,	  -1.21903
14   ,  236 06 23 ,  119 35 54,      2.876,      0.000,      0.000,   0.68647,	   1.76991,	  -1.21616
15   ,  236 06 23 ,  119 35 54,      2.876,      0.000,      0.000,   0.68804,	   1.75017,	   2.37849
16   ,  236 06 23 ,  119 35 54,      2.876,      0.000,      0.000,  -1.75930,	   1.62289,	   2.38488
17   ,  236 06 23 ,  119 35 54,      2.876,      0.000,      0.000,  -1.56974,	   1.64850,	  -0.47222
18   ,  236 06 23 ,  119 35 54,      2.876,      0.000,      0.000,  -1.55601,	   1.64962,	  -0.54625
19   ,  236 06 23 ,  119 35 54,      2.876,      0.000,      0.000,  -1.22096,	   1.67076,	  -1.21903
20   ,  236 06 23 ,  119 35 54,      2.876,      0.000,      0.000,   0.68647,	   1.76991,	  -1.21616
21   ,  236 06 23 ,  119 35 54,      2.876,      0.000,      0.000,   0.92300,	  -1.19698,	  -1.26735
22   ,  236 06 23 ,  119 35 54,      2.876,      0.000,      0.000,   0.92300,	  -1.19698,	   2.32905
23   ,  236 06 23 ,  119 35 54,      2.876,      0.000,      0.000,   0.68804,	   1.75017,	   2.37849
24   ,  236 06 23 ,  119 35 54,      2.876,      0.000,      0.000,   0.68647,	   1.76991,	  -1.21616
25   ,  236 06 23 ,  119 35 54,      2.876,      0.000,      0.000,  -0.42830,	  -1.27828,	  -1.26957
26   ,  236 06 23 ,  119 35 54,      2.876,      0.000,      0.000,   0.92300,	  -1.19698,	  -1.26735
27   ,  236 06 23 ,  119 35 54,      2.876,      0.000,      0.000,   0.92300,	  -1.19698,	   2.32905
28   ,  236 06 23 ,  119 35 54,      2.876,      0.000,      0.000,  -1.46410,	  -1.34060,	   2.33496
29   ,  236 06 23 ,  119 35 54,      2.876,      0.000,      0.000,  -1.39343,	  -1.33635,	   1.27760
30   ,  236 06 23 ,  119 35 54,      2.876,      0.000,      0.000,  -1.13633,	  -1.32088,	  -0.10380
31   ,  236 06 23 ,  119 35 54,      2.876,      0.000,      0.000,  -0.42830,	  -1.27828,	  -1.26957
32   ,  236 06 23 ,  119 35 54,      2.876,      0.000,      0.000,  -1.03458,	   0.85221,	  -1.23308
33   ,  236 06 23 ,  119 35 54,      2.876,      0.000,      0.000,  -0.42830,	  -1.27828,	  -1.26957
34   ,  236 06 23 ,  119 35 54,      2.876,      0.000,      0.000,  -1.13633,	  -1.32088,	  -0.10380
35   ,  236 06 23 ,  119 35 54,      2.876,      0.000,      0.000,  -1.10250,	  -1.59496,	  -0.03696
36   ,  236 06 23 ,  119 35 54,      2.876,      0.000,      0.000,  -1.03458,	   0.85221,	  -1.23308
37   ,  236 06 23 ,  119 35 54,      2.876,      0.000,      0.000,  -1.22096,	   1.67076,	  -1.21903
38   ,  236 06 23 ,  119 35 54,      2.876,      0.000,      0.000,  -1.03458,	   0.85221,	  -1.23308
39   ,  236 06 23 ,  119 35 54,      2.876,      0.000,      0.000,  -1.10250,	  -1.59496,	  -0.03696
40   ,  236 06 23 ,  119 35 54,      2.876,      0.000,      0.000,  -1.55601,	   1.64962,	  -0.54625
41   ,  236 06 23 ,  119 35 54,      2.876,      0.000,      0.000,  -1.22096,	   1.67076,	  -1.21903
42   ,  236 06 23 ,  119 35 54,      2.876,      0.000,      0.000,  -1.10250,	  -1.59496,	  -0.03696
43   ,  236 06 23 ,  119 35 54,      2.876,      0.000,      0.000,  -1.13633,	  -1.32088,	  -0.10380
44   ,  236 06 23 ,  119 35 54,      2.876,      0.000,      0.000,  -1.39343,	  -1.33635,	   1.27760
45   ,  236 06 23 ,  119 35 54,      2.876,      0.000,      0.000,  -1.56974,	   1.64850,	  -0.47222
46   ,  236 06 23 ,  119 35 54,      2.876,      0.000,      0.000,  -1.55601,	   1.64962,	  -0.54625
47   ,  236 06 23 ,  119 35 54,      2.876,      0.000,      0.000,  -1.10250,	  -1.59496,	  -0.03696
48   ,  236 06 23 ,  119 35 54,      2.876,      0.000,      0.000,  -1.56974,	   1.64850,	  -0.47222
49   ,  236 06 23 ,  119 35 54,      2.876,      0.000,      0.000,  -1.39343,	  -1.33635,	   1.27760
50   ,  236 06 23 ,  119 35 54,      2.876,      0.000,      0.000,  -1.46410,	  -1.34060,	   2.33496
51   ,  236 06 23 ,  119 35 54,      2.876,      0.000,      0.000,  -1.75930,	   1.62289,	   2.38488
52   ,  236 06 23 ,  119 35 54,      2.876,      0.000,      0.000,  -1.56974,	   1.64850,	  -0.47222
