#OKS At   -30 : After 3 points 
3.538497, -1.540335, -1.701000 
2.829064, -1.521957, -1.701000 
3.553521, -0.943733, -1.701000 
#OKS At   -25 : After 3 points 
3.538497, -1.540335, -1.696000 
1.613367, -1.490466, -1.696000 
3.579267, 0.078614, -1.696000 
#OKS At   -20 : After 3 points 
3.538497, -1.540335, -1.691000 
0.397669, -1.458975, -1.691000 
3.605012, 1.100962, -1.691000 
#OKS At   -15 : After 4 points 
3.538497, -1.540335, -1.686000 
-0.818028, -1.427483, -1.686000 
3.070809, 1.676385, -1.686000 
3.619254, 1.666497, -1.686000 
#OKS At   -10 : After 5 points 
-1.343362, -1.413875, -1.681000 
-1.423355, -0.908827, -1.681000 
1.843422, 1.698546, -1.681000 
3.619255, 1.666528, -1.681000 
3.538497, -1.540335, -1.681000 
#OKS At    -5 : After 5 points 
-1.348362, -1.413746, -1.676000 
-1.568640, -0.022989, -1.676000 
0.616036, 1.720706, -1.676000 
3.619256, 1.666559, -1.676000 
3.538497, -1.540335, -1.676000 
#OKS At     0 : After 5 points 
-1.353362, -1.413616, -1.671000 
-1.713926, 0.862848, -1.671000 
-0.611351, 1.742866, -1.671000 
3.619257, 1.666590, -1.671000 
3.538497, -1.540335, -1.671000 
#OKS At   100 : After 4 points 
-1.453363, -1.411026, -1.571000 
-1.956840, 1.767745, -1.571000 
3.619272, 1.667211, -1.571000 
3.538497, -1.540335, -1.571000 
#OKS At   200 : After 4 points 
-1.553363, -1.408435, -1.471000 
-2.056814, 1.770169, -1.471000 
3.619288, 1.667831, -1.471000 
3.538497, -1.540335, -1.471000 
#OKS At   300 : After 4 points 
-1.653363, -1.405845, -1.371000 
-2.156788, 1.772592, -1.371000 
3.619304, 1.668452, -1.371000 
3.538497, -1.540335, -1.371000 
#OKS At   400 : After 4 points 
-1.753364, -1.403254, -1.271000 
-2.256762, 1.775015, -1.271000 
3.619319, 1.669073, -1.271000 
3.538497, -1.540335, -1.271000 
#OKS At   500 : After 5 points 
-2.300871, 1.424729, -1.171000 
-2.315866, 1.776702, -1.171000 
3.619335, 1.669693, -1.171000 
3.538497, -1.540335, -1.171000 
-1.853364, -1.400664, -1.171000 
#OKS At   600 : After 5 points 
-2.295201, 0.760157, -1.071000 
-2.338552, 1.777732, -1.071000 
3.619350, 1.670314, -1.071000 
3.538497, -1.540335, -1.071000 
-1.953365, -1.398074, -1.071000 
#OKS At   700 : After 5 points 
-2.289532, 0.095584, -0.971000 
-2.361238, 1.778762, -0.971000 
3.619366, 1.670934, -0.971000 
3.538497, -1.540335, -0.971000 
-2.053365, -1.395483, -0.971000 
#OKS At   800 : After 5 points 
-2.283862, -0.568989, -0.871000 
-2.383924, 1.779791, -0.871000 
3.619382, 1.671555, -0.871000 
3.538497, -1.540335, -0.871000 
-2.153366, -1.392893, -0.871000 
#OKS At   900 : After 5 points 
-2.278192, -1.233561, -0.771000 
-2.406610, 1.780821, -0.771000 
3.619397, 1.672176, -0.771000 
3.538497, -1.540335, -0.771000 
-2.253366, -1.390302, -0.771000 
#OKS At  1000 : After 4 points 
-2.294202, -1.389245, -0.671000 
-2.429296, 1.781851, -0.671000 
3.619413, 1.672796, -0.671000 
3.538497, -1.540335, -0.671000 
#OKS At  1100 : After 4 points 
-2.316869, -1.388658, -0.571000 
-2.451982, 1.782881, -0.571000 
3.619429, 1.673417, -0.571000 
3.538497, -1.540335, -0.571000 
#OKS At  1200 : After 4 points 
-2.339536, -1.388070, -0.471000 
-2.474668, 1.783911, -0.471000 
3.619444, 1.674037, -0.471000 
3.538497, -1.540335, -0.471000 
#OKS At  1300 : After 4 points 
-2.362203, -1.387483, -0.371000 
-2.497354, 1.784941, -0.371000 
3.619460, 1.674658, -0.371000 
3.538497, -1.540335, -0.371000 
#OKS At  1400 : After 4 points 
-2.384870, -1.386896, -0.271000 
-2.520040, 1.785971, -0.271000 
3.619475, 1.675278, -0.271000 
3.538497, -1.540335, -0.271000 
#OKS At  1500 : After 4 points 
-2.407537, -1.386309, -0.171000 
-2.542726, 1.787001, -0.171000 
3.619491, 1.675899, -0.171000 
3.538497, -1.540335, -0.171000 
#OKS At  1600 : After 4 points 
-2.430204, -1.385722, -0.071000 
-2.565412, 1.788031, -0.071000 
3.619507, 1.676520, -0.071000 
3.538497, -1.540335, -0.071000 
#OKS At  1700 : After 5 points 
-2.574477, 1.469325, 0.029000 
-2.568112, 1.788700, 0.029000 
3.619522, 1.677140, 0.029000 
3.538497, -1.540335, 0.029000 
-2.452872, -1.385134, 0.029000 
#OKS At  1800 : After 5 points 
-2.581373, 1.099724, 0.129000 
-2.567630, 1.789312, 0.129000 
3.619538, 1.677761, 0.129000 
3.538497, -1.540335, 0.129000 
-2.475539, -1.384547, 0.129000 
#OKS At  1900 : After 5 points 
-2.588270, 0.730124, 0.229000 
-2.567149, 1.789925, 0.229000 
3.619554, 1.678381, 0.229000 
3.538497, -1.540335, 0.229000 
-2.498206, -1.383960, 0.229000 
#OKS At  2000 : After 5 points 
-2.595166, 0.360523, 0.329000 
-2.566667, 1.790537, 0.329000 
3.619569, 1.679002, 0.329000 
3.538497, -1.540335, 0.329000 
-2.520873, -1.383373, 0.329000 
#OKS At  2100 : After 5 points 
-2.602062, -0.009077, 0.429000 
-2.566186, 1.791149, 0.429000 
3.619585, 1.679623, 0.429000 
3.538497, -1.540335, 0.429000 
-2.543540, -1.382786, 0.429000 
#OKS At  2200 : After 5 points 
-2.608959, -0.378678, 0.529000 
-2.565704, 1.791761, 0.529000 
3.619600, 1.680243, 0.529000 
3.538497, -1.540335, 0.529000 
-2.566207, -1.382199, 0.529000 
#OKS At  2300 : After 5 points 
-2.615855, -0.748278, 0.629000 
-2.565223, 1.792373, 0.629000 
3.619616, 1.680864, 0.629000 
3.538497, -1.540335, 0.629000 
-2.588874, -1.381611, 0.629000 
#OKS At  2400 : After 5 points 
-2.622752, -1.117879, 0.729000 
-2.564741, 1.792985, 0.729000 
3.619632, 1.681484, 0.729000 
3.538497, -1.540335, 0.729000 
-2.611541, -1.381024, 0.729000 
#OKS At  2500 : After 4 points 
-2.627519, -1.380610, 0.829000 
-2.564260, 1.793598, 0.829000 
3.619647, 1.682105, 0.829000 
3.538497, -1.540335, 0.829000 
#OKS At  2600 : After 4 points 
-2.627050, -1.380623, 0.929000 
-2.563778, 1.794210, 0.929000 
3.619663, 1.682726, 0.929000 
3.538497, -1.540335, 0.929000 
#OKS At  2700 : After 4 points 
-2.626580, -1.380635, 1.029000 
-2.563297, 1.794822, 1.029000 
3.619679, 1.683346, 1.029000 
3.538497, -1.540335, 1.029000 
#OKS At  2800 : After 4 points 
-2.626111, -1.380647, 1.129000 
-2.562815, 1.795434, 1.129000 
3.619694, 1.683967, 1.129000 
3.538497, -1.540335, 1.129000 
#OKS At  2900 : After 4 points 
-2.625642, -1.380659, 1.229000 
-2.562334, 1.796046, 1.229000 
3.619710, 1.684587, 1.229000 
3.538497, -1.540335, 1.229000 
#OKS At  3000 : After 4 points 
-2.625173, -1.380671, 1.329000 
-2.561852, 1.796659, 1.329000 
3.619726, 1.685208, 1.329000 
3.538497, -1.540335, 1.329000 
#OKS At  3100 : After 4 points 
-2.624704, -1.380683, 1.429000 
-2.561371, 1.797271, 1.429000 
3.619741, 1.685828, 1.429000 
3.538497, -1.540335, 1.429000 
#OKS At  3200 : After 4 points 
-2.624235, -1.380695, 1.529000 
-2.560889, 1.797883, 1.529000 
3.619757, 1.686449, 1.529000 
3.538497, -1.540335, 1.529000 
#OKS At  3300 : After 4 points 
-2.623766, -1.380708, 1.629000 
-2.560408, 1.798495, 1.629000 
3.619772, 1.687070, 1.629000 
3.538497, -1.540335, 1.629000 
#OKS At  3400 : After 4 points 
-2.623297, -1.380720, 1.729000 
-2.559926, 1.799107, 1.729000 
3.619788, 1.687690, 1.729000 
3.538497, -1.540335, 1.729000 
#OKS At  3500 : After 4 points 
-2.622828, -1.380732, 1.829000 
-2.559445, 1.799720, 1.829000 
3.619804, 1.688311, 1.829000 
3.538497, -1.540335, 1.829000 
#OKS At  3600 : After 4 points 
-2.622359, -1.380744, 1.929000 
-2.558963, 1.800332, 1.929000 
3.619819, 1.688931, 1.929000 
3.538497, -1.540335, 1.929000 
#OKS At  3700 : After 4 points 
-2.621890, -1.380756, 2.029000 
-2.558482, 1.800944, 2.029000 
3.619835, 1.689552, 2.029000 
3.538497, -1.540335, 2.029000 
#OKS At  3800 : After 4 points 
-2.621421, -1.380768, 2.129000 
-2.558000, 1.801556, 2.129000 
3.619851, 1.690173, 2.129000 
3.538497, -1.540335, 2.129000 
#OKS At  3900 : After 4 points 
-2.620952, -1.380781, 2.229000 
-2.557519, 1.802168, 2.229000 
3.619866, 1.690793, 2.229000 
3.538497, -1.540335, 2.229000 
#OKS At  4000 : After 4 points 
-2.620483, -1.380793, 2.329000 
-2.557037, 1.802780, 2.329000 
3.619882, 1.691414, 2.329000 
3.538497, -1.540335, 2.329000 
#OKS At  4100 : After 4 points 
-2.620014, -1.380805, 2.429000 
-2.556556, 1.803393, 2.429000 
3.619897, 1.692034, 2.429000 
3.538497, -1.540335, 2.429000 
#OKS At  4200 : After 4 points 
-2.619545, -1.380817, 2.529000 
-2.556074, 1.804005, 2.529000 
3.619913, 1.692655, 2.529000 
3.538497, -1.540335, 2.529000 
#OKS At  4300 : After 4 points 
-2.619076, -1.380829, 2.629000 
-2.555593, 1.804617, 2.629000 
3.619929, 1.693276, 2.629000 
3.538497, -1.540335, 2.629000 
#OKS At  4400 : After 4 points 
-2.618607, -1.380841, 2.729000 
-2.555111, 1.805229, 2.729000 
3.619944, 1.693896, 2.729000 
3.538497, -1.540335, 2.729000 
#OKS At  4500 : After 4 points 
-2.618137, -1.380853, 2.829000 
-2.554630, 1.805841, 2.829000 
3.619960, 1.694517, 2.829000 
3.538497, -1.540335, 2.829000 
#OKS At  4600 : After 4 points 
-2.617668, -1.380866, 2.929000 
-2.554148, 1.806454, 2.929000 
3.619976, 1.695137, 2.929000 
3.538497, -1.540335, 2.929000 
#OKS At  4700 : After 4 points 
-2.617199, -1.380878, 3.029000 
-2.553667, 1.807066, 3.029000 
3.619991, 1.695758, 3.029000 
3.538497, -1.540335, 3.029000 
#OKS At  4800 : After 4 points 
-2.616730, -1.380890, 3.129000 
-2.553185, 1.807678, 3.129000 
3.620007, 1.696379, 3.129000 
3.538497, -1.540335, 3.129000 
#OKS At  4900 : After 4 points 
-2.616261, -1.380902, 3.229000 
-2.552704, 1.808290, 3.229000 
3.620022, 1.696999, 3.229000 
3.538497, -1.540335, 3.229000 
#OKS At  5000 : After 4 points 
-2.615792, -1.380914, 3.329000 
-2.552222, 1.808902, 3.329000 
3.620038, 1.697620, 3.329000 
3.538497, -1.540335, 3.329000 
#OKS At  5100 : After 4 points 
-2.615323, -1.380926, 3.429000 
-2.551741, 1.809515, 3.429000 
3.620054, 1.698240, 3.429000 
3.538497, -1.540335, 3.429000 
#OKS At  5200 : After 4 points 
-2.614854, -1.380938, 3.529000 
-2.551259, 1.810127, 3.529000 
3.620069, 1.698861, 3.529000 
3.538497, -1.540335, 3.529000 
#OKS At  5300 : After 4 points 
-2.614385, -1.380951, 3.629000 
-2.550778, 1.810739, 3.629000 
3.620085, 1.699481, 3.629000 
3.538497, -1.540335, 3.629000 
#OKS At  5400 : After 4 points 
-2.613916, -1.380963, 3.729000 
-2.550296, 1.811351, 3.729000 
3.620101, 1.700102, 3.729000 
3.538497, -1.540335, 3.729000 
#OKS At  5500 : After 4 points 
-2.613447, -1.380975, 3.829000 
-2.549815, 1.811963, 3.829000 
3.620116, 1.700723, 3.829000 
3.538497, -1.540335, 3.829000 
#OKS At  5600 : After 4 points 
-2.612978, -1.380987, 3.929000 
-2.549333, 1.812575, 3.929000 
3.620132, 1.701343, 3.929000 
3.538497, -1.540335, 3.929000 
#OKS At  5700 : After 4 points 
-2.612509, -1.380999, 4.029000 
-2.548852, 1.813188, 4.029000 
3.620147, 1.701964, 4.029000 
3.538497, -1.540335, 4.029000 
#OKS At  5800 : After 4 points 
-2.612040, -1.381011, 4.129000 
-2.548370, 1.813800, 4.129000 
3.620163, 1.702584, 4.129000 
3.538497, -1.540335, 4.129000 
#OKS At  5900 : After 4 points 
-2.611571, -1.381024, 4.229000 
-2.547889, 1.814412, 4.229000 
3.620179, 1.703205, 4.229000 
3.538497, -1.540335, 4.229000 
#OKS At  6000 : After 4 points 
-2.611102, -1.381036, 4.329000 
-2.547407, 1.815024, 4.329000 
3.620194, 1.703826, 4.329000 
3.538497, -1.540335, 4.329000 
#OKS At  6100 : After 4 points 
-2.610633, -1.381048, 4.429000 
-2.546926, 1.815636, 4.429000 
3.620210, 1.704446, 4.429000 
3.538497, -1.540335, 4.429000 
#OKS At  6200 : After 4 points 
-2.610163, -1.381060, 4.529000 
-2.546444, 1.816249, 4.529000 
3.620226, 1.705067, 4.529000 
3.538497, -1.540335, 4.529000 
#OKS At  6300 : After 4 points 
-2.609694, -1.381072, 4.629000 
-2.545963, 1.816861, 4.629000 
3.620241, 1.705687, 4.629000 
3.538497, -1.540335, 4.629000 
#OKS At  6400 : After 4 points 
-2.609225, -1.381084, 4.729000 
-2.545481, 1.817473, 4.729000 
3.620257, 1.706308, 4.729000 
3.538497, -1.540335, 4.729000 
#OKS At  6500 : After 4 points 
-2.608756, -1.381096, 4.829000 
-2.545000, 1.818085, 4.829000 
3.620272, 1.706929, 4.829000 
3.538497, -1.540335, 4.829000 
#OKS At  6600 : After 4 points 
-2.608287, -1.381109, 4.929000 
-2.544518, 1.818697, 4.929000 
3.620288, 1.707549, 4.929000 
3.538497, -1.540335, 4.929000 
#OKS At  6700 : After 4 points 
-2.607818, -1.381121, 5.029000 
-2.544037, 1.819310, 5.029000 
3.620304, 1.708170, 5.029000 
3.538497, -1.540335, 5.029000 
#OKS At  6800 : After 4 points 
-2.607349, -1.381133, 5.129000 
-2.543555, 1.819922, 5.129000 
3.620319, 1.708790, 5.129000 
3.538497, -1.540335, 5.129000 
#OKS At  6900 : After 4 points 
-2.606880, -1.381145, 5.229000 
-2.543074, 1.820534, 5.229000 
3.620335, 1.709411, 5.229000 
3.538497, -1.540335, 5.229000 
#OKS At  7000 : After 4 points 
-2.606411, -1.381157, 5.329000 
-2.542592, 1.821146, 5.329000 
3.620351, 1.710031, 5.329000 
3.538497, -1.540335, 5.329000 
#OKS At  7100 : After 4 points 
-2.605942, -1.381169, 5.429000 
-2.542111, 1.821758, 5.429000 
3.620366, 1.710652, 5.429000 
3.538497, -1.540335, 5.429000 
#OKS At  7200 : After 4 points 
-2.605473, -1.381182, 5.529000 
-2.541629, 1.822371, 5.529000 
3.620382, 1.711273, 5.529000 
3.538497, -1.540335, 5.529000 
#OKS At  7300 : After 4 points 
-2.605004, -1.381194, 5.629000 
-2.541148, 1.822983, 5.629000 
3.620397, 1.711893, 5.629000 
3.538497, -1.540335, 5.629000 
#OKS At  7400 : After 4 points 
-2.604535, -1.381206, 5.729000 
-2.540666, 1.823595, 5.729000 
3.620413, 1.712514, 5.729000 
3.538497, -1.540335, 5.729000 
#OKS At  7500 : After 4 points 
-2.604066, -1.381218, 5.829000 
-2.540185, 1.824207, 5.829000 
3.620429, 1.713134, 5.829000 
3.538497, -1.540335, 5.829000 
#OKS At  7600 : After 4 points 
-2.603597, -1.381230, 5.929000 
-2.539703, 1.824819, 5.929000 
3.620444, 1.713755, 5.929000 
3.538497, -1.540335, 5.929000 
#OKS At  7700 : After 4 points 
-2.603128, -1.381242, 6.029000 
-2.539222, 1.825431, 6.029000 
3.620460, 1.714376, 6.029000 
3.538497, -1.540335, 6.029000 
#OKS At  7800 : After 4 points 
-2.578699, -1.381875, 6.129000 
-2.524532, 1.825787, 6.129000 
3.620476, 1.714996, 6.129000 
3.538497, -1.540335, 6.129000 
#OKS At  7900 : After 4 points 
-2.526535, -1.383226, 6.229000 
-2.472351, 1.825468, 6.229000 
3.620491, 1.715617, 6.229000 
3.538497, -1.540335, 6.229000 
#OKS At  8000 : After 4 points 
-2.474372, -1.384578, 6.329000 
-2.420170, 1.825148, 6.329000 
3.620507, 1.716237, 6.329000 
3.538497, -1.540335, 6.329000 
#OKS At  8100 : After 4 points 
-2.422208, -1.385929, 6.429000 
-2.367989, 1.824828, 6.429000 
3.620523, 1.716858, 6.429000 
3.538497, -1.540335, 6.429000 
#OKS At  8200 : After 4 points 
-2.370044, -1.387280, 6.529000 
-2.315808, 1.824508, 6.529000 
3.620538, 1.717479, 6.529000 
3.538497, -1.540335, 6.529000 
#OKS At  8300 : After 4 points 
-2.317881, -1.388631, 6.629000 
-2.263627, 1.824188, 6.629000 
3.620554, 1.718099, 6.629000 
3.538497, -1.540335, 6.629000 
#OKS At  8400 : After 4 points 
-2.265717, -1.389983, 6.729000 
-2.211446, 1.823868, 6.729000 
3.620569, 1.718720, 6.729000 
3.538497, -1.540335, 6.729000 
#OKS At  8500 : After 4 points 
-2.213554, -1.391334, 6.829000 
-2.159265, 1.823548, 6.829000 
3.620585, 1.719340, 6.829000 
3.538497, -1.540335, 6.829000 
#OKS At  8600 : After 4 points 
-2.161390, -1.392685, 6.929000 
-2.107084, 1.823228, 6.929000 
3.620601, 1.719961, 6.929000 
3.538497, -1.540335, 6.929000 
#OKS At  8700 : After 4 points 
-2.109226, -1.394036, 7.029000 
-2.054903, 1.822908, 7.029000 
3.620616, 1.720581, 7.029000 
3.538497, -1.540335, 7.029000 
#OKS At  8800 : After 4 points 
-2.057063, -1.395387, 7.129000 
-2.002722, 1.822588, 7.129000 
3.620632, 1.721202, 7.129000 
3.538497, -1.540335, 7.129000 
#OKS At  8900 : After 4 points 
-2.004899, -1.396739, 7.229000 
-1.950541, 1.822268, 7.229000 
3.620648, 1.721823, 7.229000 
3.538497, -1.540335, 7.229000 
#OKS At  9000 : After 4 points 
-1.952735, -1.398090, 7.329000 
-1.898360, 1.821948, 7.329000 
3.620663, 1.722443, 7.329000 
3.538497, -1.540335, 7.329000 
#OKS At  9100 : After 4 points 
-1.900572, -1.399441, 7.429000 
-1.846179, 1.821628, 7.429000 
3.620679, 1.723064, 7.429000 
3.538497, -1.540335, 7.429000 
#OKS At  9200 : After 4 points 
-1.848408, -1.400792, 7.529000 
-1.793998, 1.821308, 7.529000 
3.620694, 1.723684, 7.529000 
3.538497, -1.540335, 7.529000 
#OKS At  9300 : After 3 points 
-1.741817, 1.820988, 7.629000 
-1.748393, 1.431518, 7.629000 
-1.104358, 1.809495, 7.629000 
