#OKS At   -20 : After 3 points 
3.294118, 7.524456, -1.472000 
3.304590, 5.662797, -1.472000 
-0.987306, 7.469420, -1.472000 
#OKS At   -15 : After 4 points 
-2.660807, 7.447942, -1.467000 
-2.654923, 6.156484, -1.467000 
3.315952, 3.643110, -1.467000 
3.294117, 7.524491, -1.467000 
#OKS At   -10 : After 4 points 
-2.662005, 7.447961, -1.462000 
-2.646927, 4.138220, -1.462000 
3.327313, 1.623422, -1.462000 
3.294117, 7.524525, -1.462000 
#OKS At    -5 : After 4 points 
-2.663203, 7.447981, -1.457000 
-2.638930, 2.119957, -1.457000 
3.338675, -0.396265, -1.457000 
3.294117, 7.524560, -1.457000 
#OKS At     0 : After 4 points 
-2.664401, 7.448000, -1.452000 
-2.630934, 0.101693, -1.452000 
3.350037, -2.415952, -1.452000 
3.294117, 7.524595, -1.452000 
#OKS At   100 : After 4 points 
-2.631409, -5.052985, -1.352000 
-2.688361, 7.448385, -1.352000 
3.294113, 7.525288, -1.352000 
3.364818, -5.043485, -1.352000 
#OKS At   200 : After 4 points 
-2.655367, -5.053022, -1.252000 
-2.712321, 7.448770, -1.252000 
3.294109, 7.525981, -1.252000 
3.364818, -5.043485, -1.252000 
#OKS At   300 : After 4 points 
-2.679326, -5.053060, -1.152000 
-2.736281, 7.449155, -1.152000 
3.294105, 7.526674, -1.152000 
3.364818, -5.043485, -1.152000 
#OKS At   400 : After 4 points 
-2.703284, -5.053098, -1.052000 
-2.760241, 7.449540, -1.052000 
3.294101, 7.527367, -1.052000 
3.364818, -5.043485, -1.052000 
#OKS At   500 : After 4 points 
-2.727242, -5.053136, -0.952000 
-2.784201, 7.449925, -0.952000 
3.294097, 7.528060, -0.952000 
3.364818, -5.043485, -0.952000 
#OKS At   600 : After 4 points 
-2.751200, -5.053174, -0.852000 
-2.808161, 7.450310, -0.852000 
3.294093, 7.528752, -0.852000 
3.364818, -5.043485, -0.852000 
#OKS At   700 : After 4 points 
-2.775158, -5.053212, -0.752000 
-2.832122, 7.450695, -0.752000 
3.294089, 7.529445, -0.752000 
3.364818, -5.043485, -0.752000 
#OKS At   800 : After 5 points 
-2.852762, 6.722289, -0.652000 
-2.790253, -5.053236, -0.652000 
3.364818, -5.043485, -0.652000 
3.294086, 7.530138, -0.652000 
-2.856082, 7.451080, -0.652000 
#OKS At   900 : After 4 points 
-2.789840, -5.053236, -0.552000 
-2.856220, 7.451771, -0.552000 
3.294082, 7.530831, -0.552000 
3.364818, -5.043485, -0.552000 
#OKS At  1000 : After 4 points 
-2.789427, -5.053235, -0.452000 
-2.855811, 7.452470, -0.452000 
3.294078, 7.531524, -0.452000 
3.364818, -5.043485, -0.452000 
#OKS At  1100 : After 4 points 
-2.789013, -5.053234, -0.352000 
-2.855401, 7.453168, -0.352000 
3.294074, 7.532217, -0.352000 
3.364818, -5.043485, -0.352000 
#OKS At  1200 : After 4 points 
-2.788600, -5.053234, -0.252000 
-2.854992, 7.453866, -0.252000 
3.294070, 7.532910, -0.252000 
3.364818, -5.043485, -0.252000 
#OKS At  1300 : After 4 points 
-2.788187, -5.053233, -0.152000 
-2.854582, 7.454565, -0.152000 
3.294066, 7.533603, -0.152000 
3.364818, -5.043485, -0.152000 
#OKS At  1400 : After 4 points 
-2.787773, -5.053232, -0.052000 
-2.854172, 7.455263, -0.052000 
3.294062, 7.534296, -0.052000 
3.364818, -5.043485, -0.052000 
#OKS At  1500 : After 4 points 
-2.787360, -5.053232, 0.048000 
-2.853763, 7.455961, 0.048000 
3.294058, 7.534989, 0.048000 
3.364818, -5.043485, 0.048000 
#OKS At  1600 : After 4 points 
-2.786947, -5.053231, 0.148000 
-2.853353, 7.456659, 0.148000 
3.294054, 7.535682, 0.148000 
3.364818, -5.043485, 0.148000 
#OKS At  1700 : After 4 points 
-2.786533, -5.053230, 0.248000 
-2.852944, 7.457358, 0.248000 
3.294050, 7.536375, 0.248000 
3.364818, -5.043485, 0.248000 
#OKS At  1800 : After 4 points 
-2.786120, -5.053230, 0.348000 
-2.852534, 7.458056, 0.348000 
3.294047, 7.537068, 0.348000 
3.364818, -5.043485, 0.348000 
#OKS At  1900 : After 4 points 
-2.785707, -5.053229, 0.448000 
-2.852124, 7.458754, 0.448000 
3.294043, 7.537761, 0.448000 
3.364818, -5.043485, 0.448000 
#OKS At  2000 : After 4 points 
-2.785293, -5.053228, 0.548000 
-2.851715, 7.459453, 0.548000 
3.294039, 7.538454, 0.548000 
3.364818, -5.043485, 0.548000 
#OKS At  2100 : After 4 points 
-2.784880, -5.053228, 0.648000 
-2.851305, 7.460151, 0.648000 
3.294035, 7.539147, 0.648000 
3.364818, -5.043485, 0.648000 
#OKS At  2200 : After 4 points 
-2.784467, -5.053227, 0.748000 
-2.850895, 7.460849, 0.748000 
3.294031, 7.539840, 0.748000 
3.364818, -5.043485, 0.748000 
#OKS At  2300 : After 4 points 
-2.784053, -5.053226, 0.848000 
-2.850486, 7.461548, 0.848000 
3.294027, 7.540533, 0.848000 
3.364818, -5.043485, 0.848000 
#OKS At  2400 : After 4 points 
-2.783640, -5.053226, 0.948000 
-2.850076, 7.462246, 0.948000 
3.294023, 7.541226, 0.948000 
3.364818, -5.043485, 0.948000 
#OKS At  2500 : After 4 points 
-2.783227, -5.053225, 1.048000 
-2.849667, 7.462944, 1.048000 
3.294019, 7.541919, 1.048000 
3.364818, -5.043485, 1.048000 
#OKS At  2600 : After 4 points 
-2.782813, -5.053224, 1.148000 
-2.849257, 7.463642, 1.148000 
3.294015, 7.542612, 1.148000 
3.364818, -5.043485, 1.148000 
#OKS At  2700 : After 4 points 
-2.782400, -5.053224, 1.248000 
-2.848847, 7.464341, 1.248000 
3.294011, 7.543305, 1.248000 
3.364818, -5.043485, 1.248000 
#OKS At  2800 : After 4 points 
-2.781987, -5.053223, 1.348000 
-2.848438, 7.465039, 1.348000 
3.294008, 7.543998, 1.348000 
3.364818, -5.043485, 1.348000 
#OKS At  2900 : After 4 points 
-2.781573, -5.053222, 1.448000 
-2.848028, 7.465737, 1.448000 
3.294004, 7.544691, 1.448000 
3.364818, -5.043485, 1.448000 
#OKS At  3000 : After 4 points 
-2.781160, -5.053222, 1.548000 
-2.847618, 7.466436, 1.548000 
3.294000, 7.545384, 1.548000 
3.364818, -5.043485, 1.548000 
#OKS At  3100 : After 4 points 
-2.780747, -5.053221, 1.648000 
-2.847209, 7.467134, 1.648000 
3.293996, 7.546077, 1.648000 
3.364818, -5.043485, 1.648000 
#OKS At  3200 : After 4 points 
-2.780333, -5.053220, 1.748000 
-2.846799, 7.467832, 1.748000 
3.293992, 7.546770, 1.748000 
3.364818, -5.043485, 1.748000 
#OKS At  3300 : After 4 points 
-2.779920, -5.053220, 1.848000 
-2.846390, 7.468530, 1.848000 
3.293988, 7.547463, 1.848000 
3.364818, -5.043485, 1.848000 
#OKS At  3400 : After 4 points 
-2.779507, -5.053219, 1.948000 
-2.845980, 7.469229, 1.948000 
3.293984, 7.548156, 1.948000 
3.364818, -5.043485, 1.948000 
#OKS At  3500 : After 4 points 
-2.779093, -5.053218, 2.048000 
-2.845570, 7.469927, 2.048000 
3.293980, 7.548849, 2.048000 
3.364818, -5.043485, 2.048000 
#OKS At  3600 : After 4 points 
-2.778680, -5.053218, 2.148000 
-2.845161, 7.470625, 2.148000 
3.293976, 7.549542, 2.148000 
3.364818, -5.043485, 2.148000 
#OKS At  3700 : After 4 points 
-2.778267, -5.053217, 2.248000 
-2.844751, 7.471324, 2.248000 
3.293972, 7.550235, 2.248000 
3.364818, -5.043485, 2.248000 
#OKS At  3800 : After 4 points 
-2.777853, -5.053216, 2.348000 
-2.844341, 7.472022, 2.348000 
3.293969, 7.550928, 2.348000 
3.364818, -5.043485, 2.348000 
#OKS At  3900 : After 4 points 
-2.777440, -5.053216, 2.448000 
-2.843932, 7.472720, 2.448000 
3.293965, 7.551621, 2.448000 
3.364818, -5.043485, 2.448000 
#OKS At  4000 : After 4 points 
-2.777027, -5.053215, 2.548000 
-2.843522, 7.473418, 2.548000 
3.293961, 7.552314, 2.548000 
3.364818, -5.043485, 2.548000 
#OKS At  4100 : After 4 points 
-2.776613, -5.053215, 2.648000 
-2.843113, 7.474117, 2.648000 
3.293957, 7.553007, 2.648000 
3.364818, -5.043485, 2.648000 
#OKS At  4200 : After 4 points 
-2.776200, -5.053214, 2.748000 
-2.842703, 7.474815, 2.748000 
3.293953, 7.553700, 2.748000 
3.364818, -5.043485, 2.748000 
#OKS At  4300 : After 4 points 
-2.775787, -5.053213, 2.848000 
-2.842293, 7.475513, 2.848000 
3.293949, 7.554393, 2.848000 
3.364818, -5.043485, 2.848000 
#OKS At  4400 : After 4 points 
-2.775373, -5.053213, 2.948000 
-2.841884, 7.476212, 2.948000 
3.293945, 7.555085, 2.948000 
3.364818, -5.043485, 2.948000 
#OKS At  4500 : After 4 points 
-2.774960, -5.053212, 3.048000 
-2.841474, 7.476910, 3.048000 
3.293941, 7.555778, 3.048000 
3.364818, -5.043485, 3.048000 
#OKS At  4600 : After 4 points 
-2.774547, -5.053211, 3.148000 
-2.841064, 7.477608, 3.148000 
3.293937, 7.556471, 3.148000 
3.364818, -5.043485, 3.148000 
#OKS At  4700 : After 4 points 
-2.774133, -5.053211, 3.248000 
-2.840655, 7.478306, 3.248000 
3.293934, 7.557164, 3.248000 
3.364818, -5.043485, 3.248000 
#OKS At  4800 : After 4 points 
-2.773720, -5.053210, 3.348000 
-2.840245, 7.479005, 3.348000 
3.293930, 7.557857, 3.348000 
3.364818, -5.043485, 3.348000 
#OKS At  4900 : After 4 points 
-2.773307, -5.053209, 3.448000 
-2.839836, 7.479703, 3.448000 
3.293926, 7.558550, 3.448000 
3.364818, -5.043485, 3.448000 
#OKS At  5000 : After 4 points 
-2.772893, -5.053209, 3.548000 
-2.839426, 7.480401, 3.548000 
3.293922, 7.559243, 3.548000 
3.364818, -5.043485, 3.548000 
#OKS At  5100 : After 4 points 
-2.772480, -5.053208, 3.648000 
-2.839016, 7.481100, 3.648000 
3.293918, 7.559936, 3.648000 
3.364818, -5.043485, 3.648000 
#OKS At  5200 : After 4 points 
-2.772067, -5.053207, 3.748000 
-2.838607, 7.481798, 3.748000 
3.293914, 7.560629, 3.748000 
3.364818, -5.043485, 3.748000 
#OKS At  5300 : After 4 points 
-2.771653, -5.053207, 3.848000 
-2.838197, 7.482496, 3.848000 
3.293910, 7.561322, 3.848000 
3.364818, -5.043485, 3.848000 
#OKS At  5400 : After 4 points 
-2.771240, -5.053206, 3.948000 
-2.837787, 7.483194, 3.948000 
3.293906, 7.562015, 3.948000 
3.364818, -5.043485, 3.948000 
#OKS At  5500 : After 4 points 
-2.770827, -5.053205, 4.048000 
-2.837378, 7.483893, 4.048000 
3.293902, 7.562708, 4.048000 
3.364818, -5.043485, 4.048000 
#OKS At  5600 : After 4 points 
-2.770413, -5.053205, 4.148000 
-2.836968, 7.484591, 4.148000 
3.293898, 7.563401, 4.148000 
3.364818, -5.043485, 4.148000 
#OKS At  5700 : After 4 points 
-2.770000, -5.053204, 4.248000 
-2.836559, 7.485289, 4.248000 
3.293895, 7.564094, 4.248000 
3.364818, -5.043485, 4.248000 
#OKS At  5800 : After 4 points 
-2.769587, -5.053203, 4.348000 
-2.836149, 7.485988, 4.348000 
3.293891, 7.564787, 4.348000 
3.364818, -5.043485, 4.348000 
#OKS At  5900 : After 4 points 
-2.769174, -5.053203, 4.448000 
-2.835739, 7.486686, 4.448000 
3.293887, 7.565480, 4.448000 
3.364818, -5.043485, 4.448000 
#OKS At  6000 : After 4 points 
-2.768760, -5.053202, 4.548000 
-2.835330, 7.487384, 4.548000 
3.293883, 7.566173, 4.548000 
3.364818, -5.043485, 4.548000 
#OKS At  6100 : After 4 points 
-2.768347, -5.053201, 4.648000 
-2.834920, 7.488083, 4.648000 
3.293879, 7.566866, 4.648000 
3.364818, -5.043485, 4.648000 
#OKS At  6200 : After 4 points 
-2.767934, -5.053201, 4.748000 
-2.834510, 7.488781, 4.748000 
3.293875, 7.567559, 4.748000 
3.364818, -5.043485, 4.748000 
#OKS At  6300 : After 4 points 
-2.767520, -5.053200, 4.848000 
-2.834101, 7.489479, 4.848000 
3.293871, 7.568252, 4.848000 
3.364818, -5.043485, 4.848000 
#OKS At  6400 : After 4 points 
-2.767107, -5.053199, 4.948000 
-2.833691, 7.490177, 4.948000 
3.293867, 7.568945, 4.948000 
3.364818, -5.043485, 4.948000 
#OKS At  6500 : After 4 points 
-2.766694, -5.053199, 5.048000 
-2.833282, 7.490876, 5.048000 
3.293863, 7.569638, 5.048000 
3.364818, -5.043485, 5.048000 
#OKS At  6600 : After 4 points 
-2.766280, -5.053198, 5.148000 
-2.832872, 7.491574, 5.148000 
3.293859, 7.570331, 5.148000 
3.364818, -5.043485, 5.148000 
#OKS At  6700 : After 4 points 
-2.765867, -5.053197, 5.248000 
-2.832462, 7.492272, 5.248000 
3.293856, 7.571024, 5.248000 
3.364818, -5.043485, 5.248000 
#OKS At  6800 : After 4 points 
-2.765454, -5.053197, 5.348000 
-2.832053, 7.492971, 5.348000 
3.293852, 7.571717, 5.348000 
3.364818, -5.043485, 5.348000 
#OKS At  6900 : After 4 points 
-2.765040, -5.053196, 5.448000 
-2.831643, 7.493669, 5.448000 
3.293848, 7.572410, 5.448000 
3.364818, -5.043485, 5.448000 
#OKS At  7000 : After 4 points 
-2.764627, -5.053196, 5.548000 
-2.831233, 7.494367, 5.548000 
3.293844, 7.573103, 5.548000 
3.364818, -5.043485, 5.548000 
#OKS At  7100 : After 4 points 
-2.764214, -5.053195, 5.648000 
-2.830824, 7.495065, 5.648000 
3.293840, 7.573796, 5.648000 
3.364818, -5.043485, 5.648000 
#OKS At  7200 : After 4 points 
-2.763800, -5.053194, 5.748000 
-2.830414, 7.495764, 5.748000 
3.293836, 7.574489, 5.748000 
3.364818, -5.043485, 5.748000 
#OKS At  7300 : After 4 points 
-2.763387, -5.053194, 5.848000 
-2.830005, 7.496462, 5.848000 
3.293832, 7.575182, 5.848000 
3.364818, -5.043485, 5.848000 
#OKS At  7400 : After 4 points 
-2.762974, -5.053193, 5.948000 
-2.829595, 7.497160, 5.948000 
3.293828, 7.575875, 5.948000 
3.364818, -5.043485, 5.948000 
#OKS At  7500 : After 4 points 
-2.762560, -5.053192, 6.048000 
-2.829185, 7.497859, 6.048000 
3.293824, 7.576568, 6.048000 
3.364818, -5.043485, 6.048000 
#OKS At  7600 : After 4 points 
-2.762147, -5.053192, 6.148000 
-2.828776, 7.498557, 6.148000 
3.293820, 7.577261, 6.148000 
3.364818, -5.043485, 6.148000 
#OKS At  7700 : After 4 points 
-2.761734, -5.053191, 6.248000 
-2.828366, 7.499255, 6.248000 
3.293817, 7.577954, 6.248000 
3.364818, -5.043485, 6.248000 
#OKS At  7800 : After 4 points 
-2.750842, -5.053174, 6.348000 
-2.809775, 7.500187, 6.348000 
3.293813, 7.578647, 6.348000 
3.364818, -5.043485, 6.348000 
#OKS At  7900 : After 4 points 
-2.702120, -5.053096, 6.448000 
-2.761058, 7.501506, 6.448000 
3.293809, 7.579340, 6.448000 
3.364818, -5.043485, 6.448000 
#OKS At  8000 : After 4 points 
-2.653397, -5.053019, 6.548000 
-2.712341, 7.502826, 6.548000 
3.293805, 7.580033, 6.548000 
3.364818, -5.043485, 6.548000 
#OKS At  8100 : After 4 points 
-2.604674, -5.052942, 6.648000 
-2.663624, 7.504145, 6.648000 
3.293801, 7.580726, 6.648000 
3.364818, -5.043485, 6.648000 
#OKS At  8200 : After 4 points 
-2.555952, -5.052865, 6.748000 
-2.614908, 7.505464, 6.748000 
3.293797, 7.581419, 6.748000 
3.364818, -5.043485, 6.748000 
#OKS At  8300 : After 4 points 
-2.507229, -5.052788, 6.848000 
-2.566191, 7.506783, 6.848000 
3.293793, 7.582111, 6.848000 
3.364818, -5.043485, 6.848000 
#OKS At  8400 : After 4 points 
-2.458506, -5.052711, 6.948000 
-2.517474, 7.508103, 6.948000 
3.293789, 7.582804, 6.948000 
3.364818, -5.043485, 6.948000 
#OKS At  8500 : After 4 points 
-2.409784, -5.052633, 7.048000 
-2.468757, 7.509422, 7.048000 
3.293785, 7.583497, 7.048000 
3.364818, -5.043485, 7.048000 
#OKS At  8600 : After 4 points 
-2.361061, -5.052556, 7.148000 
-2.420040, 7.510741, 7.148000 
3.293781, 7.584190, 7.148000 
3.364818, -5.043485, 7.148000 
#OKS At  8700 : After 4 points 
-2.312338, -5.052479, 7.248000 
-2.371323, 7.512061, 7.248000 
3.293778, 7.584883, 7.248000 
3.364818, -5.043485, 7.248000 
#OKS At  8800 : After 4 points 
-2.263616, -5.052402, 7.348000 
-2.322607, 7.513380, 7.348000 
3.293774, 7.585576, 7.348000 
3.364818, -5.043485, 7.348000 
#OKS At  8900 : After 4 points 
-2.214893, -5.052325, 7.448000 
-2.273890, 7.514699, 7.448000 
3.293770, 7.586269, 7.448000 
3.364818, -5.043485, 7.448000 
#OKS At  9000 : After 4 points 
-2.166170, -5.052247, 7.548000 
-2.225173, 7.516018, 7.548000 
3.293766, 7.586962, 7.548000 
3.364818, -5.043485, 7.548000 
#OKS At  9100 : After 4 points 
-2.117448, -5.052170, 7.648000 
-2.176456, 7.517338, 7.648000 
3.293762, 7.587655, 7.648000 
3.364818, -5.043485, 7.648000 
#OKS At  9200 : After 4 points 
-2.068725, -5.052093, 7.748000 
-2.127739, 7.518657, 7.748000 
3.293758, 7.588348, 7.748000 
3.364818, -5.043485, 7.748000 
#OKS At  9300 : After 4 points 
-2.020003, -5.052016, 7.848000 
-2.079023, 7.519976, 7.848000 
-1.778194, 7.523843, 7.848000 
1.436502, -5.046540, 7.848000 
