#OKS At  -930 : After 4 points 
-1.531100, 1.312655, -1.451000 
-1.527059, 1.252405, -1.451000 
2.058605, 1.164327, -1.451000 
2.032944, 1.517670, -1.451000 
#OKS At  -925 : After 4 points 
-1.531131, 1.312736, -1.446000 
-1.494716, 0.769793, -1.446000 
2.093658, 0.681647, -1.446000 
2.032938, 1.517752, -1.446000 
#OKS At  -920 : After 4 points 
-1.531162, 1.312816, -1.441000 
-1.462374, 0.287180, -1.441000 
2.128711, 0.198967, -1.441000 
2.032932, 1.517834, -1.441000 
#OKS At  -915 : After 4 points 
-1.531193, 1.312897, -1.436000 
-1.430031, -0.195432, -1.436000 
2.163764, -0.283713, -1.436000 
2.032926, 1.517916, -1.436000 
#OKS At  -910 : After 4 points 
-1.531225, 1.312978, -1.431000 
-1.397689, -0.678045, -1.431000 
2.198817, -0.766393, -1.431000 
2.032920, 1.517998, -1.431000 
#OKS At  -905 : After 4 points 
-1.531256, 1.313058, -1.426000 
-1.365346, -1.160657, -1.426000 
2.233870, -1.249073, -1.426000 
2.032914, 1.518081, -1.426000 
#OKS At  -900 : After 4 points 
-1.333476, -1.636233, -1.421000 
-1.531287, 1.313139, -1.421000 
2.032908, 1.518163, -1.421000 
2.246666, -1.425280, -1.421000 
#OKS At  -895 : After 4 points 
-1.333502, -1.636235, -1.416000 
-1.531318, 1.313220, -1.416000 
2.032902, 1.518245, -1.416000 
2.246666, -1.425280, -1.416000 
#OKS At  -890 : After 4 points 
-1.333527, -1.636236, -1.411000 
-1.531350, 1.313300, -1.411000 
2.032896, 1.518327, -1.411000 
2.246666, -1.425280, -1.411000 
#OKS At  -885 : After 4 points 
-1.333553, -1.636238, -1.406000 
-1.531381, 1.313381, -1.406000 
2.032890, 1.518409, -1.406000 
2.246666, -1.425280, -1.406000 
#OKS At  -880 : After 4 points 
-1.333579, -1.636239, -1.401000 
-1.531412, 1.313462, -1.401000 
2.032884, 1.518491, -1.401000 
2.246666, -1.425280, -1.401000 
#OKS At  -875 : After 4 points 
-1.333604, -1.636241, -1.396000 
-1.531443, 1.313543, -1.396000 
2.032879, 1.518573, -1.396000 
2.246666, -1.425280, -1.396000 
#OKS At  -870 : After 4 points 
-1.333630, -1.636242, -1.391000 
-1.531474, 1.313623, -1.391000 
2.032873, 1.518656, -1.391000 
2.246666, -1.425280, -1.391000 
#OKS At  -865 : After 4 points 
-1.333656, -1.636244, -1.386000 
-1.531506, 1.313704, -1.386000 
2.032867, 1.518738, -1.386000 
2.246666, -1.425280, -1.386000 
#OKS At  -860 : After 4 points 
-1.333681, -1.636245, -1.381000 
-1.531537, 1.313785, -1.381000 
2.032861, 1.518820, -1.381000 
2.246666, -1.425280, -1.381000 
#OKS At  -855 : After 4 points 
-1.333707, -1.636247, -1.376000 
-1.531568, 1.313865, -1.376000 
2.032855, 1.518902, -1.376000 
2.246666, -1.425280, -1.376000 
#OKS At  -850 : After 4 points 
-1.333733, -1.636248, -1.371000 
-1.531599, 1.313946, -1.371000 
2.032849, 1.518984, -1.371000 
2.246666, -1.425280, -1.371000 
#OKS At  -845 : After 4 points 
-1.333759, -1.636250, -1.366000 
-1.531630, 1.314027, -1.366000 
2.032843, 1.519066, -1.366000 
2.246666, -1.425280, -1.366000 
#OKS At  -840 : After 4 points 
-1.333784, -1.636251, -1.361000 
-1.531662, 1.314107, -1.361000 
2.032837, 1.519149, -1.361000 
2.246666, -1.425280, -1.361000 
#OKS At  -835 : After 4 points 
-1.333810, -1.636253, -1.356000 
-1.531693, 1.314188, -1.356000 
2.032831, 1.519231, -1.356000 
2.246666, -1.425280, -1.356000 
#OKS At  -830 : After 4 points 
-1.333836, -1.636255, -1.351000 
-1.531724, 1.314269, -1.351000 
2.032825, 1.519313, -1.351000 
2.246666, -1.425280, -1.351000 
#OKS At  -825 : After 4 points 
-1.333861, -1.636256, -1.346000 
-1.531755, 1.314350, -1.346000 
2.032819, 1.519395, -1.346000 
2.246666, -1.425280, -1.346000 
#OKS At  -820 : After 4 points 
-1.333887, -1.636258, -1.341000 
-1.531787, 1.314430, -1.341000 
2.032813, 1.519477, -1.341000 
2.246666, -1.425280, -1.341000 
#OKS At  -815 : After 4 points 
-1.333913, -1.636259, -1.336000 
-1.531818, 1.314511, -1.336000 
2.032807, 1.519559, -1.336000 
2.246666, -1.425280, -1.336000 
#OKS At  -810 : After 4 points 
-1.333938, -1.636261, -1.331000 
-1.531849, 1.314592, -1.331000 
2.032801, 1.519641, -1.331000 
2.246666, -1.425280, -1.331000 
#OKS At  -805 : After 4 points 
-1.333964, -1.636262, -1.326000 
-1.531880, 1.314672, -1.326000 
2.032795, 1.519724, -1.326000 
2.246666, -1.425280, -1.326000 
#OKS At  -800 : After 4 points 
-1.333990, -1.636264, -1.321000 
-1.531911, 1.314753, -1.321000 
2.032789, 1.519806, -1.321000 
2.246666, -1.425280, -1.321000 
#OKS At  -795 : After 4 points 
-1.334016, -1.636265, -1.316000 
-1.531943, 1.314834, -1.316000 
2.032783, 1.519888, -1.316000 
2.246666, -1.425280, -1.316000 
#OKS At  -790 : After 4 points 
-1.334041, -1.636267, -1.311000 
-1.531974, 1.314914, -1.311000 
2.032777, 1.519970, -1.311000 
2.246666, -1.425280, -1.311000 
#OKS At  -785 : After 4 points 
-1.334067, -1.636268, -1.306000 
-1.532005, 1.314995, -1.306000 
2.032771, 1.520052, -1.306000 
2.246666, -1.425280, -1.306000 
#OKS At  -780 : After 4 points 
-1.334093, -1.636270, -1.301000 
-1.532036, 1.315076, -1.301000 
2.032765, 1.520134, -1.301000 
2.246666, -1.425280, -1.301000 
#OKS At  -775 : After 4 points 
-1.334118, -1.636271, -1.296000 
-1.532067, 1.315157, -1.296000 
2.032759, 1.520216, -1.296000 
2.246666, -1.425280, -1.296000 
#OKS At  -770 : After 4 points 
-1.334144, -1.636273, -1.291000 
-1.532099, 1.315237, -1.291000 
2.032753, 1.520299, -1.291000 
2.246666, -1.425280, -1.291000 
#OKS At  -765 : After 4 points 
-1.334170, -1.636274, -1.286000 
-1.532130, 1.315318, -1.286000 
2.032747, 1.520381, -1.286000 
2.246666, -1.425280, -1.286000 
#OKS At  -760 : After 4 points 
-1.334196, -1.636276, -1.281000 
-1.532161, 1.315399, -1.281000 
2.032741, 1.520463, -1.281000 
2.246666, -1.425280, -1.281000 
#OKS At  -755 : After 4 points 
-1.334221, -1.636277, -1.276000 
-1.532192, 1.315479, -1.276000 
2.032735, 1.520545, -1.276000 
2.246666, -1.425280, -1.276000 
#OKS At  -750 : After 4 points 
-1.334247, -1.636279, -1.271000 
-1.532224, 1.315560, -1.271000 
2.032729, 1.520627, -1.271000 
2.246666, -1.425280, -1.271000 
#OKS At  -745 : After 4 points 
-1.334273, -1.636280, -1.266000 
-1.532255, 1.315641, -1.266000 
2.032723, 1.520709, -1.266000 
2.246666, -1.425280, -1.266000 
#OKS At  -740 : After 4 points 
-1.334298, -1.636282, -1.261000 
-1.532286, 1.315721, -1.261000 
2.032717, 1.520792, -1.261000 
2.246666, -1.425280, -1.261000 
#OKS At  -735 : After 4 points 
-1.334324, -1.636283, -1.256000 
-1.532317, 1.315802, -1.256000 
2.032711, 1.520874, -1.256000 
2.246666, -1.425280, -1.256000 
#OKS At  -730 : After 4 points 
-1.334350, -1.636285, -1.251000 
-1.532348, 1.315883, -1.251000 
2.032705, 1.520956, -1.251000 
2.246666, -1.425280, -1.251000 
#OKS At  -725 : After 4 points 
-1.334375, -1.636286, -1.246000 
-1.532380, 1.315963, -1.246000 
2.032700, 1.521038, -1.246000 
2.246666, -1.425280, -1.246000 
#OKS At  -720 : After 4 points 
-1.334401, -1.636288, -1.241000 
-1.532411, 1.316044, -1.241000 
2.032694, 1.521120, -1.241000 
2.246666, -1.425280, -1.241000 
#OKS At  -715 : After 4 points 
-1.334427, -1.636289, -1.236000 
-1.532442, 1.316125, -1.236000 
2.032688, 1.521202, -1.236000 
2.246666, -1.425280, -1.236000 
#OKS At  -710 : After 4 points 
-1.334453, -1.636291, -1.231000 
-1.532473, 1.316206, -1.231000 
2.032682, 1.521284, -1.231000 
2.246666, -1.425280, -1.231000 
#OKS At  -705 : After 4 points 
-1.334478, -1.636292, -1.226000 
-1.532504, 1.316286, -1.226000 
2.032676, 1.521367, -1.226000 
2.246666, -1.425280, -1.226000 
#OKS At  -700 : After 4 points 
-1.334504, -1.636294, -1.221000 
-1.532536, 1.316367, -1.221000 
2.032670, 1.521449, -1.221000 
2.246666, -1.425280, -1.221000 
#OKS At  -695 : After 4 points 
-1.334530, -1.636295, -1.216000 
-1.532567, 1.316448, -1.216000 
2.032664, 1.521531, -1.216000 
2.246666, -1.425280, -1.216000 
#OKS At  -690 : After 4 points 
-1.334555, -1.636297, -1.211000 
-1.532598, 1.316528, -1.211000 
2.032658, 1.521613, -1.211000 
2.246666, -1.425280, -1.211000 
#OKS At  -685 : After 4 points 
-1.334581, -1.636298, -1.206000 
-1.532629, 1.316609, -1.206000 
2.032652, 1.521695, -1.206000 
2.246666, -1.425280, -1.206000 
#OKS At  -680 : After 4 points 
-1.334607, -1.636300, -1.201000 
-1.532661, 1.316690, -1.201000 
2.032646, 1.521777, -1.201000 
2.246666, -1.425280, -1.201000 
#OKS At  -675 : After 4 points 
-1.334632, -1.636301, -1.196000 
-1.532692, 1.316770, -1.196000 
2.032640, 1.521859, -1.196000 
2.246666, -1.425280, -1.196000 
#OKS At  -670 : After 4 points 
-1.334658, -1.636303, -1.191000 
-1.532723, 1.316851, -1.191000 
2.032634, 1.521942, -1.191000 
2.246666, -1.425280, -1.191000 
#OKS At  -665 : After 4 points 
-1.334684, -1.636304, -1.186000 
-1.532754, 1.316932, -1.186000 
2.032628, 1.522024, -1.186000 
2.246666, -1.425280, -1.186000 
#OKS At  -660 : After 4 points 
-1.334710, -1.636306, -1.181000 
-1.532785, 1.317013, -1.181000 
2.032622, 1.522106, -1.181000 
2.246666, -1.425280, -1.181000 
#OKS At  -655 : After 4 points 
-1.334735, -1.636308, -1.176000 
-1.532817, 1.317093, -1.176000 
2.032616, 1.522188, -1.176000 
2.246666, -1.425280, -1.176000 
#OKS At  -650 : After 4 points 
-1.334761, -1.636309, -1.171000 
-1.532848, 1.317174, -1.171000 
2.032610, 1.522270, -1.171000 
2.246666, -1.425280, -1.171000 
#OKS At  -645 : After 4 points 
-1.334787, -1.636311, -1.166000 
-1.532879, 1.317255, -1.166000 
2.032604, 1.522352, -1.166000 
2.246666, -1.425280, -1.166000 
#OKS At  -640 : After 4 points 
-1.334812, -1.636312, -1.161000 
-1.532910, 1.317335, -1.161000 
2.032598, 1.522435, -1.161000 
2.246666, -1.425280, -1.161000 
#OKS At  -635 : After 4 points 
-1.334838, -1.636314, -1.156000 
-1.532941, 1.317416, -1.156000 
2.032592, 1.522517, -1.156000 
2.246666, -1.425280, -1.156000 
#OKS At  -630 : After 4 points 
-1.334864, -1.636315, -1.151000 
-1.532973, 1.317497, -1.151000 
2.032586, 1.522599, -1.151000 
2.246666, -1.425280, -1.151000 
#OKS At  -625 : After 4 points 
-1.334889, -1.636317, -1.146000 
-1.533004, 1.317577, -1.146000 
2.032580, 1.522681, -1.146000 
2.246666, -1.425280, -1.146000 
#OKS At  -620 : After 4 points 
-1.334915, -1.636318, -1.141000 
-1.533035, 1.317658, -1.141000 
2.032574, 1.522763, -1.141000 
2.246666, -1.425280, -1.141000 
#OKS At  -615 : After 4 points 
-1.334941, -1.636320, -1.136000 
-1.533066, 1.317739, -1.136000 
2.032568, 1.522845, -1.136000 
2.246666, -1.425280, -1.136000 
#OKS At  -610 : After 4 points 
-1.334967, -1.636321, -1.131000 
-1.533098, 1.317820, -1.131000 
2.032562, 1.522927, -1.131000 
2.246666, -1.425280, -1.131000 
#OKS At  -605 : After 4 points 
-1.334992, -1.636323, -1.126000 
-1.533129, 1.317900, -1.126000 
2.032556, 1.523010, -1.126000 
2.246666, -1.425280, -1.126000 
#OKS At  -600 : After 4 points 
-1.335018, -1.636324, -1.121000 
-1.533160, 1.317981, -1.121000 
2.032550, 1.523092, -1.121000 
2.246666, -1.425280, -1.121000 
#OKS At  -595 : After 4 points 
-1.335044, -1.636326, -1.116000 
-1.533191, 1.318062, -1.116000 
2.032544, 1.523174, -1.116000 
2.246666, -1.425280, -1.116000 
#OKS At  -590 : After 4 points 
-1.335069, -1.636327, -1.111000 
-1.533222, 1.318142, -1.111000 
2.032538, 1.523256, -1.111000 
2.246666, -1.425280, -1.111000 
#OKS At  -585 : After 4 points 
-1.335095, -1.636329, -1.106000 
-1.533254, 1.318223, -1.106000 
2.032532, 1.523338, -1.106000 
2.246666, -1.425280, -1.106000 
#OKS At  -580 : After 4 points 
-1.335121, -1.636330, -1.101000 
-1.533285, 1.318304, -1.101000 
2.032527, 1.523420, -1.101000 
2.246666, -1.425280, -1.101000 
#OKS At  -575 : After 4 points 
-1.335146, -1.636332, -1.096000 
-1.533316, 1.318384, -1.096000 
2.032521, 1.523503, -1.096000 
2.246666, -1.425280, -1.096000 
#OKS At  -570 : After 4 points 
-1.335172, -1.636333, -1.091000 
-1.533347, 1.318465, -1.091000 
2.032515, 1.523585, -1.091000 
2.246666, -1.425280, -1.091000 
#OKS At  -565 : After 4 points 
-1.335198, -1.636335, -1.086000 
-1.533378, 1.318546, -1.086000 
2.032509, 1.523667, -1.086000 
2.246666, -1.425280, -1.086000 
#OKS At  -560 : After 4 points 
-1.335224, -1.636336, -1.081000 
-1.533410, 1.318627, -1.081000 
2.032503, 1.523749, -1.081000 
2.246666, -1.425280, -1.081000 
#OKS At  -555 : After 4 points 
-1.335249, -1.636338, -1.076000 
-1.533441, 1.318707, -1.076000 
2.032497, 1.523831, -1.076000 
2.246666, -1.425280, -1.076000 
#OKS At  -550 : After 4 points 
-1.335275, -1.636339, -1.071000 
-1.533472, 1.318788, -1.071000 
2.032491, 1.523913, -1.071000 
2.246666, -1.425280, -1.071000 
#OKS At  -545 : After 4 points 
-1.335301, -1.636341, -1.066000 
-1.533503, 1.318869, -1.066000 
2.032485, 1.523995, -1.066000 
2.246666, -1.425280, -1.066000 
#OKS At  -540 : After 4 points 
-1.335326, -1.636342, -1.061000 
-1.533535, 1.318949, -1.061000 
2.032479, 1.524078, -1.061000 
2.246666, -1.425280, -1.061000 
#OKS At  -535 : After 4 points 
-1.335352, -1.636344, -1.056000 
-1.533566, 1.319030, -1.056000 
2.032473, 1.524160, -1.056000 
2.246666, -1.425280, -1.056000 
#OKS At  -530 : After 4 points 
-1.335378, -1.636345, -1.051000 
-1.533597, 1.319111, -1.051000 
2.032467, 1.524242, -1.051000 
2.246666, -1.425280, -1.051000 
#OKS At  -525 : After 4 points 
-1.335403, -1.636347, -1.046000 
-1.533628, 1.319191, -1.046000 
2.032461, 1.524324, -1.046000 
2.246666, -1.425280, -1.046000 
#OKS At  -520 : After 4 points 
-1.335429, -1.636348, -1.041000 
-1.533659, 1.319272, -1.041000 
2.032455, 1.524406, -1.041000 
2.246666, -1.425280, -1.041000 
#OKS At  -515 : After 4 points 
-1.335455, -1.636350, -1.036000 
-1.533691, 1.319353, -1.036000 
2.032449, 1.524488, -1.036000 
2.246666, -1.425280, -1.036000 
#OKS At  -510 : After 4 points 
-1.335481, -1.636351, -1.031000 
-1.533722, 1.319434, -1.031000 
2.032443, 1.524570, -1.031000 
2.246666, -1.425280, -1.031000 
#OKS At  -505 : After 4 points 
-1.335506, -1.636353, -1.026000 
-1.533753, 1.319514, -1.026000 
2.032437, 1.524653, -1.026000 
2.246666, -1.425280, -1.026000 
#OKS At  -500 : After 4 points 
-1.335532, -1.636354, -1.021000 
-1.533784, 1.319595, -1.021000 
2.032431, 1.524735, -1.021000 
2.246666, -1.425280, -1.021000 
#OKS At  -495 : After 4 points 
-1.335558, -1.636356, -1.016000 
-1.533816, 1.319676, -1.016000 
2.032425, 1.524817, -1.016000 
2.246666, -1.425280, -1.016000 
#OKS At  -490 : After 4 points 
-1.335583, -1.636358, -1.011000 
-1.533847, 1.319756, -1.011000 
2.032419, 1.524899, -1.011000 
2.246666, -1.425280, -1.011000 
#OKS At  -485 : After 4 points 
-1.335609, -1.636359, -1.006000 
-1.533878, 1.319837, -1.006000 
2.032413, 1.524981, -1.006000 
2.246666, -1.425280, -1.006000 
#OKS At  -480 : After 4 points 
-1.335635, -1.636361, -1.001000 
-1.533909, 1.319918, -1.001000 
2.032407, 1.525063, -1.001000 
2.246666, -1.425280, -1.001000 
#OKS At  -475 : After 4 points 
-1.335660, -1.636362, -0.996000 
-1.533940, 1.319998, -0.996000 
2.032401, 1.525146, -0.996000 
2.246666, -1.425280, -0.996000 
#OKS At  -470 : After 4 points 
-1.335686, -1.636364, -0.991000 
-1.533972, 1.320079, -0.991000 
2.032395, 1.525228, -0.991000 
2.246666, -1.425280, -0.991000 
#OKS At  -465 : After 4 points 
-1.335712, -1.636365, -0.986000 
-1.534003, 1.320160, -0.986000 
2.032389, 1.525310, -0.986000 
2.246666, -1.425280, -0.986000 
#OKS At  -460 : After 4 points 
-1.335738, -1.636367, -0.981000 
-1.534034, 1.320240, -0.981000 
2.032383, 1.525392, -0.981000 
2.246666, -1.425280, -0.981000 
#OKS At  -455 : After 4 points 
-1.335763, -1.636368, -0.976000 
-1.534065, 1.320321, -0.976000 
2.032377, 1.525474, -0.976000 
2.246666, -1.425280, -0.976000 
#OKS At  -450 : After 4 points 
-1.335789, -1.636370, -0.971000 
-1.534096, 1.320402, -0.971000 
2.032371, 1.525556, -0.971000 
2.246666, -1.425280, -0.971000 
#OKS At  -445 : After 4 points 
-1.335815, -1.636371, -0.966000 
-1.534128, 1.320483, -0.966000 
2.032365, 1.525638, -0.966000 
2.246666, -1.425280, -0.966000 
#OKS At  -440 : After 4 points 
-1.335840, -1.636373, -0.961000 
-1.534159, 1.320563, -0.961000 
2.032359, 1.525721, -0.961000 
2.246666, -1.425280, -0.961000 
#OKS At  -435 : After 4 points 
-1.335866, -1.636374, -0.956000 
-1.534190, 1.320644, -0.956000 
2.032354, 1.525803, -0.956000 
2.246666, -1.425280, -0.956000 
#OKS At  -430 : After 4 points 
-1.335892, -1.636376, -0.951000 
-1.534221, 1.320725, -0.951000 
2.032348, 1.525885, -0.951000 
2.246666, -1.425280, -0.951000 
#OKS At  -425 : After 4 points 
-1.335917, -1.636377, -0.946000 
-1.534253, 1.320805, -0.946000 
2.032342, 1.525967, -0.946000 
2.246666, -1.425280, -0.946000 
#OKS At  -420 : After 4 points 
-1.335943, -1.636379, -0.941000 
-1.534284, 1.320886, -0.941000 
2.032336, 1.526049, -0.941000 
2.246666, -1.425280, -0.941000 
#OKS At  -415 : After 4 points 
-1.335969, -1.636380, -0.936000 
-1.534315, 1.320967, -0.936000 
2.032330, 1.526131, -0.936000 
2.246666, -1.425280, -0.936000 
#OKS At  -410 : After 4 points 
-1.335995, -1.636382, -0.931000 
-1.534346, 1.321047, -0.931000 
2.032324, 1.526213, -0.931000 
2.246666, -1.425280, -0.931000 
#OKS At  -405 : After 4 points 
-1.336020, -1.636383, -0.926000 
-1.534377, 1.321128, -0.926000 
2.032318, 1.526296, -0.926000 
2.246666, -1.425280, -0.926000 
#OKS At  -400 : After 4 points 
-1.336046, -1.636385, -0.921000 
-1.534409, 1.321209, -0.921000 
2.032312, 1.526378, -0.921000 
2.246666, -1.425280, -0.921000 
#OKS At  -395 : After 4 points 
-1.336072, -1.636386, -0.916000 
-1.534440, 1.321290, -0.916000 
2.032306, 1.526460, -0.916000 
2.246666, -1.425280, -0.916000 
#OKS At  -390 : After 4 points 
-1.336097, -1.636388, -0.911000 
-1.534471, 1.321370, -0.911000 
2.032300, 1.526542, -0.911000 
2.246666, -1.425280, -0.911000 
#OKS At  -385 : After 4 points 
-1.336123, -1.636389, -0.906000 
-1.534502, 1.321451, -0.906000 
2.032294, 1.526624, -0.906000 
2.246666, -1.425280, -0.906000 
#OKS At  -380 : After 4 points 
-1.336149, -1.636391, -0.901000 
-1.534533, 1.321532, -0.901000 
2.032288, 1.526706, -0.901000 
2.246666, -1.425280, -0.901000 
#OKS At  -375 : After 4 points 
-1.336174, -1.636392, -0.896000 
-1.534565, 1.321612, -0.896000 
2.032282, 1.526789, -0.896000 
2.246666, -1.425280, -0.896000 
#OKS At  -370 : After 4 points 
-1.336200, -1.636394, -0.891000 
-1.534596, 1.321693, -0.891000 
2.032276, 1.526871, -0.891000 
2.246666, -1.425280, -0.891000 
#OKS At  -365 : After 4 points 
-1.336226, -1.636395, -0.886000 
-1.534627, 1.321774, -0.886000 
2.032270, 1.526953, -0.886000 
2.246666, -1.425280, -0.886000 
#OKS At  -360 : After 4 points 
-1.336252, -1.636397, -0.881000 
-1.534658, 1.321854, -0.881000 
2.032264, 1.527035, -0.881000 
2.246666, -1.425280, -0.881000 
#OKS At  -355 : After 4 points 
-1.336277, -1.636398, -0.876000 
-1.534690, 1.321935, -0.876000 
2.032258, 1.527117, -0.876000 
2.246666, -1.425280, -0.876000 
#OKS At  -350 : After 4 points 
-1.336303, -1.636400, -0.871000 
-1.534721, 1.322016, -0.871000 
2.032252, 1.527199, -0.871000 
2.246666, -1.425280, -0.871000 
#OKS At  -345 : After 4 points 
-1.336329, -1.636401, -0.866000 
-1.534752, 1.322097, -0.866000 
2.032246, 1.527281, -0.866000 
2.246666, -1.425280, -0.866000 
#OKS At  -340 : After 4 points 
-1.336354, -1.636403, -0.861000 
-1.534783, 1.322177, -0.861000 
2.032240, 1.527364, -0.861000 
2.246666, -1.425280, -0.861000 
#OKS At  -335 : After 4 points 
-1.336380, -1.636404, -0.856000 
-1.534814, 1.322258, -0.856000 
2.032234, 1.527446, -0.856000 
2.246666, -1.425280, -0.856000 
#OKS At  -330 : After 4 points 
-1.336406, -1.636406, -0.851000 
-1.534846, 1.322339, -0.851000 
2.032228, 1.527528, -0.851000 
2.246666, -1.425280, -0.851000 
#OKS At  -325 : After 4 points 
-1.336432, -1.636407, -0.846000 
-1.534877, 1.322419, -0.846000 
2.032222, 1.527610, -0.846000 
2.246666, -1.425280, -0.846000 
#OKS At  -320 : After 4 points 
-1.336457, -1.636409, -0.841000 
-1.534908, 1.322500, -0.841000 
2.032216, 1.527692, -0.841000 
2.246666, -1.425280, -0.841000 
#OKS At  -315 : After 4 points 
-1.336483, -1.636411, -0.836000 
-1.534939, 1.322581, -0.836000 
2.032210, 1.527774, -0.836000 
2.246666, -1.425280, -0.836000 
#OKS At  -310 : After 4 points 
-1.336509, -1.636412, -0.831000 
-1.534970, 1.322661, -0.831000 
2.032204, 1.527856, -0.831000 
2.246666, -1.425280, -0.831000 
#OKS At  -305 : After 4 points 
-1.336534, -1.636414, -0.826000 
-1.535002, 1.322742, -0.826000 
2.032198, 1.527939, -0.826000 
2.246666, -1.425280, -0.826000 
#OKS At  -300 : After 4 points 
-1.336560, -1.636415, -0.821000 
-1.535033, 1.322823, -0.821000 
2.032192, 1.528021, -0.821000 
2.246666, -1.425280, -0.821000 
#OKS At  -295 : After 4 points 
-1.336586, -1.636417, -0.816000 
-1.535064, 1.322904, -0.816000 
2.032186, 1.528103, -0.816000 
2.246666, -1.425280, -0.816000 
#OKS At  -290 : After 4 points 
-1.336611, -1.636418, -0.811000 
-1.535095, 1.322984, -0.811000 
2.032180, 1.528185, -0.811000 
2.246666, -1.425280, -0.811000 
#OKS At  -285 : After 4 points 
-1.336637, -1.636420, -0.806000 
-1.535127, 1.323065, -0.806000 
2.032175, 1.528267, -0.806000 
2.246666, -1.425280, -0.806000 
#OKS At  -280 : After 4 points 
-1.336663, -1.636421, -0.801000 
-1.535158, 1.323146, -0.801000 
2.032169, 1.528349, -0.801000 
2.246666, -1.425280, -0.801000 
#OKS At  -275 : After 4 points 
-1.336689, -1.636423, -0.796000 
-1.535189, 1.323226, -0.796000 
2.032163, 1.528432, -0.796000 
2.246666, -1.425280, -0.796000 
#OKS At  -270 : After 4 points 
-1.336714, -1.636424, -0.791000 
-1.535220, 1.323307, -0.791000 
2.032157, 1.528514, -0.791000 
2.246666, -1.425280, -0.791000 
#OKS At  -265 : After 4 points 
-1.336740, -1.636426, -0.786000 
-1.535251, 1.323388, -0.786000 
2.032151, 1.528596, -0.786000 
2.246666, -1.425280, -0.786000 
#OKS At  -260 : After 4 points 
-1.336766, -1.636427, -0.781000 
-1.535283, 1.323468, -0.781000 
2.032145, 1.528678, -0.781000 
2.246666, -1.425280, -0.781000 
#OKS At  -255 : After 4 points 
-1.336791, -1.636429, -0.776000 
-1.535314, 1.323549, -0.776000 
2.032139, 1.528760, -0.776000 
2.246666, -1.425280, -0.776000 
#OKS At  -250 : After 4 points 
-1.336817, -1.636430, -0.771000 
-1.535345, 1.323630, -0.771000 
2.032133, 1.528842, -0.771000 
2.246666, -1.425280, -0.771000 
#OKS At  -245 : After 4 points 
-1.336843, -1.636432, -0.766000 
-1.535376, 1.323710, -0.766000 
2.032127, 1.528924, -0.766000 
2.246666, -1.425280, -0.766000 
#OKS At  -240 : After 4 points 
-1.336868, -1.636433, -0.761000 
-1.535407, 1.323791, -0.761000 
2.032121, 1.529007, -0.761000 
2.246666, -1.425280, -0.761000 
#OKS At  -235 : After 4 points 
-1.336894, -1.636435, -0.756000 
-1.535439, 1.323872, -0.756000 
2.032115, 1.529089, -0.756000 
2.246666, -1.425280, -0.756000 
#OKS At  -230 : After 4 points 
-1.336920, -1.636436, -0.751000 
-1.535470, 1.323953, -0.751000 
2.032109, 1.529171, -0.751000 
2.246666, -1.425280, -0.751000 
#OKS At  -225 : After 4 points 
-1.336946, -1.636438, -0.746000 
-1.535501, 1.324033, -0.746000 
2.032103, 1.529253, -0.746000 
2.246666, -1.425280, -0.746000 
#OKS At  -220 : After 4 points 
-1.336971, -1.636439, -0.741000 
-1.535532, 1.324114, -0.741000 
2.032097, 1.529335, -0.741000 
2.246666, -1.425280, -0.741000 
#OKS At  -215 : After 4 points 
-1.336997, -1.636441, -0.736000 
-1.535564, 1.324195, -0.736000 
2.032091, 1.529417, -0.736000 
2.246666, -1.425280, -0.736000 
#OKS At  -210 : After 4 points 
-1.337023, -1.636442, -0.731000 
-1.535595, 1.324275, -0.731000 
2.032085, 1.529499, -0.731000 
2.246666, -1.425280, -0.731000 
#OKS At  -205 : After 4 points 
-1.337048, -1.636444, -0.726000 
-1.535626, 1.324356, -0.726000 
2.032079, 1.529582, -0.726000 
2.246666, -1.425280, -0.726000 
#OKS At  -200 : After 4 points 
-1.337074, -1.636445, -0.721000 
-1.535657, 1.324437, -0.721000 
2.032073, 1.529664, -0.721000 
2.246666, -1.425280, -0.721000 
#OKS At  -195 : After 4 points 
-1.337100, -1.636447, -0.716000 
-1.535688, 1.324517, -0.716000 
2.032067, 1.529746, -0.716000 
2.246666, -1.425280, -0.716000 
#OKS At  -190 : After 4 points 
-1.337125, -1.636448, -0.711000 
-1.535720, 1.324598, -0.711000 
2.032061, 1.529828, -0.711000 
2.246666, -1.425280, -0.711000 
#OKS At  -185 : After 4 points 
-1.337151, -1.636450, -0.706000 
-1.535751, 1.324679, -0.706000 
2.032055, 1.529910, -0.706000 
2.246666, -1.425280, -0.706000 
#OKS At  -180 : After 4 points 
-1.337177, -1.636451, -0.701000 
-1.535782, 1.324760, -0.701000 
2.032049, 1.529992, -0.701000 
2.246666, -1.425280, -0.701000 
#OKS At  -175 : After 4 points 
-1.337203, -1.636453, -0.696000 
-1.535813, 1.324840, -0.696000 
2.032043, 1.530075, -0.696000 
2.246666, -1.425280, -0.696000 
#OKS At  -170 : After 4 points 
-1.337228, -1.636454, -0.691000 
-1.535844, 1.324921, -0.691000 
2.032037, 1.530157, -0.691000 
2.246666, -1.425280, -0.691000 
#OKS At  -165 : After 4 points 
-1.337254, -1.636456, -0.686000 
-1.535876, 1.325002, -0.686000 
2.032031, 1.530239, -0.686000 
2.246666, -1.425280, -0.686000 
#OKS At  -160 : After 4 points 
-1.337280, -1.636457, -0.681000 
-1.535907, 1.325082, -0.681000 
2.032025, 1.530321, -0.681000 
2.246666, -1.425280, -0.681000 
#OKS At  -155 : After 4 points 
-1.337305, -1.636459, -0.676000 
-1.535938, 1.325163, -0.676000 
2.032019, 1.530403, -0.676000 
2.246666, -1.425280, -0.676000 
#OKS At  -150 : After 4 points 
-1.337331, -1.636460, -0.671000 
-1.535969, 1.325244, -0.671000 
2.032013, 1.530485, -0.671000 
2.246666, -1.425280, -0.671000 
#OKS At  -145 : After 4 points 
-1.337357, -1.636462, -0.666000 
-1.536001, 1.325324, -0.666000 
2.032007, 1.530567, -0.666000 
2.246666, -1.425280, -0.666000 
#OKS At  -140 : After 4 points 
-1.337382, -1.636464, -0.661000 
-1.536032, 1.325405, -0.661000 
2.032002, 1.530650, -0.661000 
2.246666, -1.425280, -0.661000 
#OKS At  -135 : After 4 points 
-1.337408, -1.636465, -0.656000 
-1.536063, 1.325486, -0.656000 
2.031996, 1.530732, -0.656000 
2.246666, -1.425280, -0.656000 
#OKS At  -130 : After 4 points 
-1.337434, -1.636467, -0.651000 
-1.536094, 1.325567, -0.651000 
2.031990, 1.530814, -0.651000 
2.246666, -1.425280, -0.651000 
#OKS At  -125 : After 4 points 
-1.337460, -1.636468, -0.646000 
-1.536125, 1.325647, -0.646000 
2.031984, 1.530896, -0.646000 
2.246666, -1.425280, -0.646000 
#OKS At  -120 : After 4 points 
-1.337485, -1.636470, -0.641000 
-1.536157, 1.325728, -0.641000 
2.031978, 1.530978, -0.641000 
2.246666, -1.425280, -0.641000 
#OKS At  -115 : After 4 points 
-1.337511, -1.636471, -0.636000 
-1.536188, 1.325809, -0.636000 
2.031972, 1.531060, -0.636000 
2.246666, -1.425280, -0.636000 
#OKS At  -110 : After 4 points 
-1.337537, -1.636473, -0.631000 
-1.536219, 1.325889, -0.631000 
2.031966, 1.531142, -0.631000 
2.246666, -1.425280, -0.631000 
#OKS At  -105 : After 4 points 
-1.337562, -1.636474, -0.626000 
-1.536250, 1.325970, -0.626000 
2.031960, 1.531225, -0.626000 
2.246666, -1.425280, -0.626000 
#OKS At  -100 : After 4 points 
-1.337588, -1.636476, -0.621000 
-1.536281, 1.326051, -0.621000 
2.031954, 1.531307, -0.621000 
2.246666, -1.425280, -0.621000 
#OKS At   -95 : After 4 points 
-1.337614, -1.636477, -0.616000 
-1.536313, 1.326131, -0.616000 
2.031948, 1.531389, -0.616000 
2.246666, -1.425280, -0.616000 
#OKS At   -90 : After 4 points 
-1.337639, -1.636479, -0.611000 
-1.536344, 1.326212, -0.611000 
2.031942, 1.531471, -0.611000 
2.246666, -1.425280, -0.611000 
#OKS At   -85 : After 4 points 
-1.337665, -1.636480, -0.606000 
-1.536375, 1.326293, -0.606000 
2.031936, 1.531553, -0.606000 
2.246666, -1.425280, -0.606000 
#OKS At   -80 : After 4 points 
-1.337691, -1.636482, -0.601000 
-1.536406, 1.326374, -0.601000 
2.031930, 1.531635, -0.601000 
2.246666, -1.425280, -0.601000 
#OKS At   -75 : After 4 points 
-1.337717, -1.636483, -0.596000 
-1.536438, 1.326454, -0.596000 
2.031924, 1.531718, -0.596000 
2.246666, -1.425280, -0.596000 
#OKS At   -70 : After 4 points 
-1.337742, -1.636485, -0.591000 
-1.536469, 1.326535, -0.591000 
2.031918, 1.531800, -0.591000 
2.246666, -1.425280, -0.591000 
#OKS At   -65 : After 4 points 
-1.337768, -1.636486, -0.586000 
-1.536500, 1.326616, -0.586000 
2.031912, 1.531882, -0.586000 
2.246666, -1.425280, -0.586000 
#OKS At   -60 : After 4 points 
-1.337794, -1.636488, -0.581000 
-1.536531, 1.326696, -0.581000 
2.031906, 1.531964, -0.581000 
2.246666, -1.425280, -0.581000 
#OKS At   -55 : After 4 points 
-1.337819, -1.636489, -0.576000 
-1.536562, 1.326777, -0.576000 
2.031900, 1.532046, -0.576000 
2.246666, -1.425280, -0.576000 
#OKS At   -50 : After 4 points 
-1.337845, -1.636491, -0.571000 
-1.536594, 1.326858, -0.571000 
2.031894, 1.532128, -0.571000 
2.246666, -1.425280, -0.571000 
#OKS At   -45 : After 4 points 
-1.337871, -1.636492, -0.566000 
-1.536625, 1.326938, -0.566000 
2.031888, 1.532210, -0.566000 
2.246666, -1.425280, -0.566000 
#OKS At   -40 : After 4 points 
-1.337896, -1.636494, -0.561000 
-1.536656, 1.327019, -0.561000 
2.031882, 1.532293, -0.561000 
2.246666, -1.425280, -0.561000 
#OKS At   -35 : After 4 points 
-1.337922, -1.636495, -0.556000 
-1.536687, 1.327100, -0.556000 
2.031876, 1.532375, -0.556000 
2.246666, -1.425280, -0.556000 
#OKS At   -30 : After 4 points 
-1.337948, -1.636497, -0.551000 
-1.536719, 1.327181, -0.551000 
2.031870, 1.532457, -0.551000 
2.246666, -1.425280, -0.551000 
#OKS At   -25 : After 4 points 
-1.337974, -1.636498, -0.546000 
-1.536750, 1.327261, -0.546000 
2.031864, 1.532539, -0.546000 
2.246666, -1.425280, -0.546000 
#OKS At   -20 : After 4 points 
-1.337999, -1.636500, -0.541000 
-1.536781, 1.327342, -0.541000 
2.031858, 1.532621, -0.541000 
2.246666, -1.425280, -0.541000 
#OKS At   -15 : After 4 points 
-1.338025, -1.636501, -0.536000 
-1.536812, 1.327423, -0.536000 
2.031852, 1.532703, -0.536000 
2.246666, -1.425280, -0.536000 
#OKS At   -10 : After 4 points 
-1.338051, -1.636503, -0.531000 
-1.536843, 1.327503, -0.531000 
2.031846, 1.532786, -0.531000 
2.246666, -1.425280, -0.531000 
#OKS At    -5 : After 4 points 
-1.338076, -1.636504, -0.526000 
-1.536875, 1.327584, -0.526000 
2.031840, 1.532868, -0.526000 
2.246666, -1.425280, -0.526000 
#OKS At     0 : After 4 points 
-1.338102, -1.636506, -0.521000 
-1.536906, 1.327665, -0.521000 
2.031834, 1.532950, -0.521000 
2.246666, -1.425280, -0.521000 
#OKS At   100 : After 4 points 
-1.338616, -1.636536, -0.421000 
-1.537530, 1.329279, -0.421000 
2.031715, 1.534593, -0.421000 
2.246666, -1.425280, -0.421000 
#OKS At   200 : After 4 points 
-1.339130, -1.636566, -0.321000 
-1.538154, 1.330893, -0.321000 
2.031596, 1.536236, -0.321000 
2.246666, -1.425280, -0.321000 
#OKS At   300 : After 4 points 
-1.339644, -1.636597, -0.221000 
-1.538779, 1.332507, -0.221000 
2.031477, 1.537879, -0.221000 
2.246666, -1.425280, -0.221000 
#OKS At   400 : After 4 points 
-1.340158, -1.636627, -0.121000 
-1.539403, 1.334121, -0.121000 
2.031357, 1.539522, -0.121000 
2.246666, -1.425280, -0.121000 
#OKS At   500 : After 4 points 
-1.340672, -1.636657, -0.021000 
-1.540027, 1.335734, -0.021000 
2.031238, 1.541165, -0.021000 
2.246666, -1.425280, -0.021000 
#OKS At   600 : After 4 points 
-1.341186, -1.636688, 0.079000 
-1.540652, 1.337348, 0.079000 
2.031119, 1.542808, 0.079000 
2.246666, -1.425280, 0.079000 
#OKS At   700 : After 4 points 
-1.341700, -1.636718, 0.179000 
-1.541276, 1.338962, 0.179000 
2.030999, 1.544451, 0.179000 
2.246666, -1.425280, 0.179000 
#OKS At   800 : After 4 points 
-1.342214, -1.636748, 0.279000 
-1.541900, 1.340576, 0.279000 
2.030880, 1.546094, 0.279000 
2.246666, -1.425280, 0.279000 
#OKS At   900 : After 4 points 
-1.342728, -1.636778, 0.379000 
-1.542524, 1.342190, 0.379000 
2.030761, 1.547737, 0.379000 
2.246666, -1.425280, 0.379000 
#OKS At  1000 : After 4 points 
-1.343242, -1.636809, 0.479000 
-1.543149, 1.343804, 0.479000 
2.030641, 1.549380, 0.479000 
2.246666, -1.425280, 0.479000 
#OKS At  1100 : After 4 points 
-1.343756, -1.636839, 0.579000 
-1.543773, 1.345418, 0.579000 
2.030522, 1.551023, 0.579000 
2.246666, -1.425280, 0.579000 
#OKS At  1200 : After 4 points 
-1.344270, -1.636869, 0.679000 
-1.544397, 1.347032, 0.679000 
2.030403, 1.552666, 0.679000 
2.246666, -1.425280, 0.679000 
#OKS At  1300 : After 4 points 
-1.344784, -1.636900, 0.779000 
-1.545022, 1.348646, 0.779000 
2.030283, 1.554309, 0.779000 
2.246666, -1.425280, 0.779000 
#OKS At  1400 : After 4 points 
-1.345298, -1.636930, 0.879000 
-1.545646, 1.350260, 0.879000 
2.030164, 1.555952, 0.879000 
2.246666, -1.425280, 0.879000 
#OKS At  1500 : After 4 points 
-1.345812, -1.636960, 0.979000 
-1.546270, 1.351874, 0.979000 
2.030045, 1.557595, 0.979000 
2.246666, -1.425280, 0.979000 
#OKS At  1600 : After 4 points 
-1.346326, -1.636991, 1.079000 
-1.546895, 1.353488, 1.079000 
2.029925, 1.559238, 1.079000 
2.246666, -1.425280, 1.079000 
#OKS At  1700 : After 4 points 
-1.346840, -1.637021, 1.179000 
-1.547519, 1.355102, 1.179000 
2.029806, 1.560881, 1.179000 
2.246666, -1.425280, 1.179000 
#OKS At  1800 : After 4 points 
-1.347355, -1.637051, 1.279000 
-1.548143, 1.356716, 1.279000 
2.029687, 1.562524, 1.279000 
2.246666, -1.425280, 1.279000 
#OKS At  1900 : After 4 points 
-1.347869, -1.637081, 1.379000 
-1.548768, 1.358330, 1.379000 
2.029567, 1.564167, 1.379000 
2.246666, -1.425280, 1.379000 
#OKS At  2000 : After 4 points 
-1.348383, -1.637112, 1.479000 
-1.549392, 1.359944, 1.479000 
2.029448, 1.565810, 1.479000 
2.246666, -1.425280, 1.479000 
#OKS At  2100 : After 4 points 
-1.348897, -1.637142, 1.579000 
-1.550016, 1.361558, 1.579000 
2.029329, 1.567453, 1.579000 
2.246666, -1.425280, 1.579000 
#OKS At  2200 : After 4 points 
-1.349411, -1.637172, 1.679000 
-1.550640, 1.363172, 1.679000 
2.029209, 1.569096, 1.679000 
2.246666, -1.425280, 1.679000 
#OKS At  2300 : After 4 points 
-1.349925, -1.637203, 1.779000 
-1.551265, 1.364786, 1.779000 
2.029090, 1.570739, 1.779000 
2.246666, -1.425280, 1.779000 
#OKS At  2400 : After 4 points 
-1.350439, -1.637233, 1.879000 
-1.551889, 1.366400, 1.879000 
2.028971, 1.572382, 1.879000 
2.246666, -1.425280, 1.879000 
#OKS At  2500 : After 4 points 
-1.350953, -1.637263, 1.979000 
-1.552513, 1.368014, 1.979000 
2.028852, 1.574025, 1.979000 
2.246666, -1.425280, 1.979000 
#OKS At  2600 : After 4 points 
-1.351467, -1.637293, 2.079000 
-1.553138, 1.369628, 2.079000 
2.028732, 1.575668, 2.079000 
2.246666, -1.425280, 2.079000 
#OKS At  2700 : After 4 points 
-1.351981, -1.637324, 2.179000 
-1.553762, 1.371242, 2.179000 
2.028613, 1.577311, 2.179000 
2.246666, -1.425280, 2.179000 
#OKS At  2800 : After 4 points 
-1.352495, -1.637354, 2.279000 
-1.554386, 1.372856, 2.279000 
2.028494, 1.578954, 2.279000 
2.246666, -1.425280, 2.279000 
#OKS At  2900 : After 4 points 
-1.353009, -1.637384, 2.379000 
-1.555011, 1.374470, 2.379000 
2.028374, 1.580597, 2.379000 
2.246666, -1.425280, 2.379000 
#OKS At  3000 : After 4 points 
-1.353523, -1.637415, 2.479000 
-1.555635, 1.376083, 2.479000 
2.028255, 1.582240, 2.479000 
2.246666, -1.425280, 2.479000 
#OKS At  3100 : After 4 points 
-1.354037, -1.637445, 2.579000 
-1.556259, 1.377697, 2.579000 
2.028136, 1.583883, 2.579000 
2.246666, -1.425280, 2.579000 
#OKS At  3200 : After 4 points 
-1.354551, -1.637475, 2.679000 
-1.556883, 1.379311, 2.679000 
2.028016, 1.585526, 2.679000 
2.246666, -1.425280, 2.679000 
#OKS At  3300 : After 4 points 
-1.355065, -1.637505, 2.779000 
-1.557508, 1.380925, 2.779000 
2.027897, 1.587169, 2.779000 
2.246666, -1.425280, 2.779000 
#OKS At  3400 : After 4 points 
-1.355579, -1.637536, 2.879000 
-1.558132, 1.382539, 2.879000 
2.027778, 1.588812, 2.879000 
2.246666, -1.425280, 2.879000 
#OKS At  3500 : After 4 points 
-1.356093, -1.637566, 2.979000 
-1.558756, 1.384153, 2.979000 
2.027658, 1.590455, 2.979000 
2.246666, -1.425280, 2.979000 
#OKS At  3600 : After 4 points 
-1.356607, -1.637596, 3.079000 
-1.559381, 1.385767, 3.079000 
2.027539, 1.592098, 3.079000 
2.246666, -1.425280, 3.079000 
#OKS At  3700 : After 4 points 
-1.357121, -1.637627, 3.179000 
-1.560005, 1.387381, 3.179000 
2.027420, 1.593741, 3.179000 
2.246666, -1.425280, 3.179000 
#OKS At  3800 : After 4 points 
-1.357635, -1.637657, 3.279000 
-1.560629, 1.388995, 3.279000 
2.027300, 1.595384, 3.279000 
2.246666, -1.425280, 3.279000 
#OKS At  3900 : After 4 points 
-1.358149, -1.637687, 3.379000 
-1.561254, 1.390609, 3.379000 
2.027181, 1.597027, 3.379000 
2.246666, -1.425280, 3.379000 
#OKS At  4000 : After 4 points 
-1.358663, -1.637717, 3.479000 
-1.561878, 1.392223, 3.479000 
2.027062, 1.598670, 3.479000 
2.246666, -1.425280, 3.479000 
#OKS At  4100 : After 5 points 
-1.359177, -1.637748, 3.579000 
-1.421110, -0.714325, 3.579000 
1.734279, 1.583478, 3.579000 
2.026942, 1.600313, 3.579000 
2.246666, -1.425280, 3.579000 
