#OKS At -1225 : After 4 points 
-1.531106, 1.312671, -1.450000 
-1.520590, 1.155883, -1.450000 
2.065615, 1.067791, -1.450000 
2.032943, 1.517686, -1.450000 
#OKS At -1220 : After 4 points 
-1.531137, 1.312752, -1.445000 
-1.488248, 0.673270, -1.445000 
2.100668, 0.585111, -1.445000 
2.032937, 1.517768, -1.445000 
#OKS At -1215 : After 4 points 
-1.531168, 1.312832, -1.440000 
-1.455905, 0.190658, -1.440000 
2.135721, 0.102431, -1.440000 
2.032931, 1.517851, -1.440000 
#OKS At -1210 : After 4 points 
-1.531200, 1.312913, -1.435000 
-1.423563, -0.291955, -1.435000 
2.170774, -0.380249, -1.435000 
2.032925, 1.517933, -1.435000 
#OKS At -1205 : After 4 points 
-1.531231, 1.312994, -1.430000 
-1.391220, -0.774567, -1.430000 
2.205827, -0.862929, -1.430000 
2.032919, 1.518015, -1.430000 
#OKS At -1200 : After 4 points 
-1.531262, 1.313075, -1.425000 
-1.358878, -1.257180, -1.425000 
2.240880, -1.345609, -1.425000 
2.032913, 1.518097, -1.425000 
#OKS At -1195 : After 4 points 
-1.333481, -1.636234, -1.420000 
-1.531293, 1.313155, -1.420000 
2.032907, 1.518179, -1.420000 
2.246666, -1.425280, -1.420000 
#OKS At -1190 : After 4 points 
-1.333507, -1.636235, -1.415000 
-1.531325, 1.313236, -1.415000 
2.032901, 1.518261, -1.415000 
2.246666, -1.425280, -1.415000 
#OKS At -1185 : After 4 points 
-1.333532, -1.636237, -1.410000 
-1.531356, 1.313317, -1.410000 
2.032895, 1.518343, -1.410000 
2.246666, -1.425280, -1.410000 
#OKS At -1180 : After 4 points 
-1.333558, -1.636238, -1.405000 
-1.531387, 1.313397, -1.405000 
2.032889, 1.518426, -1.405000 
2.246666, -1.425280, -1.405000 
#OKS At -1175 : After 4 points 
-1.333584, -1.636240, -1.400000 
-1.531418, 1.313478, -1.400000 
2.032883, 1.518508, -1.400000 
2.246666, -1.425280, -1.400000 
#OKS At -1170 : After 4 points 
-1.333610, -1.636241, -1.395000 
-1.531449, 1.313559, -1.395000 
2.032877, 1.518590, -1.395000 
2.246666, -1.425280, -1.395000 
#OKS At -1165 : After 4 points 
-1.333635, -1.636243, -1.390000 
-1.531481, 1.313639, -1.390000 
2.032871, 1.518672, -1.390000 
2.246666, -1.425280, -1.390000 
#OKS At -1160 : After 4 points 
-1.333661, -1.636244, -1.385000 
-1.531512, 1.313720, -1.385000 
2.032865, 1.518754, -1.385000 
2.246666, -1.425280, -1.385000 
#OKS At -1155 : After 4 points 
-1.333687, -1.636246, -1.380000 
-1.531543, 1.313801, -1.380000 
2.032859, 1.518836, -1.380000 
2.246666, -1.425280, -1.380000 
#OKS At -1150 : After 4 points 
-1.333712, -1.636247, -1.375000 
-1.531574, 1.313881, -1.375000 
2.032853, 1.518919, -1.375000 
2.246666, -1.425280, -1.375000 
#OKS At -1145 : After 4 points 
-1.333738, -1.636249, -1.370000 
-1.531605, 1.313962, -1.370000 
2.032847, 1.519001, -1.370000 
2.246666, -1.425280, -1.370000 
#OKS At -1140 : After 4 points 
-1.333764, -1.636250, -1.365000 
-1.531637, 1.314043, -1.365000 
2.032842, 1.519083, -1.365000 
2.246666, -1.425280, -1.365000 
#OKS At -1135 : After 4 points 
-1.333789, -1.636252, -1.360000 
-1.531668, 1.314124, -1.360000 
2.032836, 1.519165, -1.360000 
2.246666, -1.425280, -1.360000 
#OKS At -1130 : After 4 points 
-1.333815, -1.636253, -1.355000 
-1.531699, 1.314204, -1.355000 
2.032830, 1.519247, -1.355000 
2.246666, -1.425280, -1.355000 
#OKS At -1125 : After 4 points 
-1.333841, -1.636255, -1.350000 
-1.531730, 1.314285, -1.350000 
2.032824, 1.519329, -1.350000 
2.246666, -1.425280, -1.350000 
#OKS At -1120 : After 4 points 
-1.333867, -1.636256, -1.345000 
-1.531762, 1.314366, -1.345000 
2.032818, 1.519411, -1.345000 
2.246666, -1.425280, -1.345000 
#OKS At -1115 : After 4 points 
-1.333892, -1.636258, -1.340000 
-1.531793, 1.314446, -1.340000 
2.032812, 1.519494, -1.340000 
2.246666, -1.425280, -1.340000 
#OKS At -1110 : After 4 points 
-1.333918, -1.636259, -1.335000 
-1.531824, 1.314527, -1.335000 
2.032806, 1.519576, -1.335000 
2.246666, -1.425280, -1.335000 
#OKS At -1105 : After 4 points 
-1.333944, -1.636261, -1.330000 
-1.531855, 1.314608, -1.330000 
2.032800, 1.519658, -1.330000 
2.246666, -1.425280, -1.330000 
#OKS At -1100 : After 4 points 
-1.333969, -1.636262, -1.325000 
-1.531886, 1.314688, -1.325000 
2.032794, 1.519740, -1.325000 
2.246666, -1.425280, -1.325000 
#OKS At -1095 : After 4 points 
-1.333995, -1.636264, -1.320000 
-1.531918, 1.314769, -1.320000 
2.032788, 1.519822, -1.320000 
2.246666, -1.425280, -1.320000 
#OKS At -1090 : After 4 points 
-1.334021, -1.636265, -1.315000 
-1.531949, 1.314850, -1.315000 
2.032782, 1.519904, -1.315000 
2.246666, -1.425280, -1.315000 
#OKS At -1085 : After 4 points 
-1.334046, -1.636267, -1.310000 
-1.531980, 1.314931, -1.310000 
2.032776, 1.519986, -1.310000 
2.246666, -1.425280, -1.310000 
#OKS At -1080 : After 4 points 
-1.334072, -1.636268, -1.305000 
-1.532011, 1.315011, -1.305000 
2.032770, 1.520069, -1.305000 
2.246666, -1.425280, -1.305000 
#OKS At -1075 : After 4 points 
-1.334098, -1.636270, -1.300000 
-1.532042, 1.315092, -1.300000 
2.032764, 1.520151, -1.300000 
2.246666, -1.425280, -1.300000 
#OKS At -1070 : After 4 points 
-1.334124, -1.636271, -1.295000 
-1.532074, 1.315173, -1.295000 
2.032758, 1.520233, -1.295000 
2.246666, -1.425280, -1.295000 
#OKS At -1065 : After 4 points 
-1.334149, -1.636273, -1.290000 
-1.532105, 1.315253, -1.290000 
2.032752, 1.520315, -1.290000 
2.246666, -1.425280, -1.290000 
#OKS At -1060 : After 4 points 
-1.334175, -1.636275, -1.285000 
-1.532136, 1.315334, -1.285000 
2.032746, 1.520397, -1.285000 
2.246666, -1.425280, -1.285000 
#OKS At -1055 : After 4 points 
-1.334201, -1.636276, -1.280000 
-1.532167, 1.315415, -1.280000 
2.032740, 1.520479, -1.280000 
2.246666, -1.425280, -1.280000 
#OKS At -1050 : After 4 points 
-1.334226, -1.636278, -1.275000 
-1.532199, 1.315495, -1.275000 
2.032734, 1.520562, -1.275000 
2.246666, -1.425280, -1.275000 
#OKS At -1045 : After 4 points 
-1.334252, -1.636279, -1.270000 
-1.532230, 1.315576, -1.270000 
2.032728, 1.520644, -1.270000 
2.246666, -1.425280, -1.270000 
#OKS At -1040 : After 4 points 
-1.334278, -1.636281, -1.265000 
-1.532261, 1.315657, -1.265000 
2.032722, 1.520726, -1.265000 
2.246666, -1.425280, -1.265000 
#OKS At -1035 : After 4 points 
-1.334303, -1.636282, -1.260000 
-1.532292, 1.315738, -1.260000 
2.032716, 1.520808, -1.260000 
2.246666, -1.425280, -1.260000 
#OKS At -1030 : After 4 points 
-1.334329, -1.636284, -1.255000 
-1.532323, 1.315818, -1.255000 
2.032710, 1.520890, -1.255000 
2.246666, -1.425280, -1.255000 
#OKS At -1025 : After 4 points 
-1.334355, -1.636285, -1.250000 
-1.532355, 1.315899, -1.250000 
2.032704, 1.520972, -1.250000 
2.246666, -1.425280, -1.250000 
#OKS At -1020 : After 4 points 
-1.334381, -1.636287, -1.245000 
-1.532386, 1.315980, -1.245000 
2.032698, 1.521054, -1.245000 
2.246666, -1.425280, -1.245000 
#OKS At -1015 : After 4 points 
-1.334406, -1.636288, -1.240000 
-1.532417, 1.316060, -1.240000 
2.032692, 1.521137, -1.240000 
2.246666, -1.425280, -1.240000 
#OKS At -1010 : After 4 points 
-1.334432, -1.636290, -1.235000 
-1.532448, 1.316141, -1.235000 
2.032686, 1.521219, -1.235000 
2.246666, -1.425280, -1.235000 
#OKS At -1005 : After 4 points 
-1.334458, -1.636291, -1.230000 
-1.532480, 1.316222, -1.230000 
2.032680, 1.521301, -1.230000 
2.246666, -1.425280, -1.230000 
#OKS At -1000 : After 4 points 
-1.334483, -1.636293, -1.225000 
-1.532511, 1.316302, -1.225000 
2.032674, 1.521383, -1.225000 
2.246666, -1.425280, -1.225000 
#OKS At  -995 : After 4 points 
-1.334509, -1.636294, -1.220000 
-1.532542, 1.316383, -1.220000 
2.032669, 1.521465, -1.220000 
2.246666, -1.425280, -1.220000 
#OKS At  -990 : After 4 points 
-1.334535, -1.636296, -1.215000 
-1.532573, 1.316464, -1.215000 
2.032663, 1.521547, -1.215000 
2.246666, -1.425280, -1.215000 
#OKS At  -985 : After 4 points 
-1.334560, -1.636297, -1.210000 
-1.532604, 1.316545, -1.210000 
2.032657, 1.521629, -1.210000 
2.246666, -1.425280, -1.210000 
#OKS At  -980 : After 4 points 
-1.334586, -1.636299, -1.205000 
-1.532636, 1.316625, -1.205000 
2.032651, 1.521712, -1.205000 
2.246666, -1.425280, -1.205000 
#OKS At  -975 : After 4 points 
-1.334612, -1.636300, -1.200000 
-1.532667, 1.316706, -1.200000 
2.032645, 1.521794, -1.200000 
2.246666, -1.425280, -1.200000 
#OKS At  -970 : After 4 points 
-1.334638, -1.636302, -1.195000 
-1.532698, 1.316787, -1.195000 
2.032639, 1.521876, -1.195000 
2.246666, -1.425280, -1.195000 
#OKS At  -965 : After 4 points 
-1.334663, -1.636303, -1.190000 
-1.532729, 1.316867, -1.190000 
2.032633, 1.521958, -1.190000 
2.246666, -1.425280, -1.190000 
#OKS At  -960 : After 4 points 
-1.334689, -1.636305, -1.185000 
-1.532760, 1.316948, -1.185000 
2.032627, 1.522040, -1.185000 
2.246666, -1.425280, -1.185000 
#OKS At  -955 : After 4 points 
-1.334715, -1.636306, -1.180000 
-1.532792, 1.317029, -1.180000 
2.032621, 1.522122, -1.180000 
2.246666, -1.425280, -1.180000 
#OKS At  -950 : After 4 points 
-1.334740, -1.636308, -1.175000 
-1.532823, 1.317109, -1.175000 
2.032615, 1.522205, -1.175000 
2.246666, -1.425280, -1.175000 
#OKS At  -945 : After 4 points 
-1.334766, -1.636309, -1.170000 
-1.532854, 1.317190, -1.170000 
2.032609, 1.522287, -1.170000 
2.246666, -1.425280, -1.170000 
#OKS At  -940 : After 4 points 
-1.334792, -1.636311, -1.165000 
-1.532885, 1.317271, -1.165000 
2.032603, 1.522369, -1.165000 
2.246666, -1.425280, -1.165000 
#OKS At  -935 : After 4 points 
-1.334817, -1.636312, -1.160000 
-1.532917, 1.317351, -1.160000 
2.032597, 1.522451, -1.160000 
2.246666, -1.425280, -1.160000 
#OKS At  -930 : After 4 points 
-1.334843, -1.636314, -1.155000 
-1.532948, 1.317432, -1.155000 
2.032591, 1.522533, -1.155000 
2.246666, -1.425280, -1.155000 
#OKS At  -925 : After 4 points 
-1.334869, -1.636315, -1.150000 
-1.532979, 1.317513, -1.150000 
2.032585, 1.522615, -1.150000 
2.246666, -1.425280, -1.150000 
#OKS At  -920 : After 4 points 
-1.334895, -1.636317, -1.145000 
-1.533010, 1.317594, -1.145000 
2.032579, 1.522697, -1.145000 
2.246666, -1.425280, -1.145000 
#OKS At  -915 : After 4 points 
-1.334920, -1.636318, -1.140000 
-1.533041, 1.317674, -1.140000 
2.032573, 1.522780, -1.140000 
2.246666, -1.425280, -1.140000 
#OKS At  -910 : After 4 points 
-1.334946, -1.636320, -1.135000 
-1.533073, 1.317755, -1.135000 
2.032567, 1.522862, -1.135000 
2.246666, -1.425280, -1.135000 
#OKS At  -905 : After 4 points 
-1.334972, -1.636321, -1.130000 
-1.533104, 1.317836, -1.130000 
2.032561, 1.522944, -1.130000 
2.246666, -1.425280, -1.130000 
#OKS At  -900 : After 4 points 
-1.334997, -1.636323, -1.125000 
-1.533135, 1.317916, -1.125000 
2.032555, 1.523026, -1.125000 
2.246666, -1.425280, -1.125000 
#OKS At  -895 : After 4 points 
-1.335023, -1.636324, -1.120000 
-1.533166, 1.317997, -1.120000 
2.032549, 1.523108, -1.120000 
2.246666, -1.425280, -1.120000 
#OKS At  -890 : After 4 points 
-1.335049, -1.636326, -1.115000 
-1.533197, 1.318078, -1.115000 
2.032543, 1.523190, -1.115000 
2.246666, -1.425280, -1.115000 
#OKS At  -885 : After 4 points 
-1.335074, -1.636328, -1.110000 
-1.533229, 1.318158, -1.110000 
2.032537, 1.523272, -1.110000 
2.246666, -1.425280, -1.110000 
#OKS At  -880 : After 4 points 
-1.335100, -1.636329, -1.105000 
-1.533260, 1.318239, -1.105000 
2.032531, 1.523355, -1.105000 
2.246666, -1.425280, -1.105000 
#OKS At  -875 : After 4 points 
-1.335126, -1.636331, -1.100000 
-1.533291, 1.318320, -1.100000 
2.032525, 1.523437, -1.100000 
2.246666, -1.425280, -1.100000 
#OKS At  -870 : After 4 points 
-1.335152, -1.636332, -1.095000 
-1.533322, 1.318401, -1.095000 
2.032519, 1.523519, -1.095000 
2.246666, -1.425280, -1.095000 
#OKS At  -865 : After 4 points 
-1.335177, -1.636334, -1.090000 
-1.533354, 1.318481, -1.090000 
2.032513, 1.523601, -1.090000 
2.246666, -1.425280, -1.090000 
#OKS At  -860 : After 4 points 
-1.335203, -1.636335, -1.085000 
-1.533385, 1.318562, -1.085000 
2.032507, 1.523683, -1.085000 
2.246666, -1.425280, -1.085000 
#OKS At  -855 : After 4 points 
-1.335229, -1.636337, -1.080000 
-1.533416, 1.318643, -1.080000 
2.032501, 1.523765, -1.080000 
2.246666, -1.425280, -1.080000 
#OKS At  -850 : After 4 points 
-1.335254, -1.636338, -1.075000 
-1.533447, 1.318723, -1.075000 
2.032495, 1.523848, -1.075000 
2.246666, -1.425280, -1.075000 
#OKS At  -845 : After 4 points 
-1.335280, -1.636340, -1.070000 
-1.533478, 1.318804, -1.070000 
2.032490, 1.523930, -1.070000 
2.246666, -1.425280, -1.070000 
#OKS At  -840 : After 4 points 
-1.335306, -1.636341, -1.065000 
-1.533510, 1.318885, -1.065000 
2.032484, 1.524012, -1.065000 
2.246666, -1.425280, -1.065000 
#OKS At  -835 : After 4 points 
-1.335331, -1.636343, -1.060000 
-1.533541, 1.318965, -1.060000 
2.032478, 1.524094, -1.060000 
2.246666, -1.425280, -1.060000 
#OKS At  -830 : After 4 points 
-1.335357, -1.636344, -1.055000 
-1.533572, 1.319046, -1.055000 
2.032472, 1.524176, -1.055000 
2.246666, -1.425280, -1.055000 
#OKS At  -825 : After 4 points 
-1.335383, -1.636346, -1.050000 
-1.533603, 1.319127, -1.050000 
2.032466, 1.524258, -1.050000 
2.246666, -1.425280, -1.050000 
#OKS At  -820 : After 4 points 
-1.335409, -1.636347, -1.045000 
-1.533634, 1.319208, -1.045000 
2.032460, 1.524340, -1.045000 
2.246666, -1.425280, -1.045000 
#OKS At  -815 : After 4 points 
-1.335434, -1.636349, -1.040000 
-1.533666, 1.319288, -1.040000 
2.032454, 1.524423, -1.040000 
2.246666, -1.425280, -1.040000 
#OKS At  -810 : After 4 points 
-1.335460, -1.636350, -1.035000 
-1.533697, 1.319369, -1.035000 
2.032448, 1.524505, -1.035000 
2.246666, -1.425280, -1.035000 
#OKS At  -805 : After 4 points 
-1.335486, -1.636352, -1.030000 
-1.533728, 1.319450, -1.030000 
2.032442, 1.524587, -1.030000 
2.246666, -1.425280, -1.030000 
#OKS At  -800 : After 4 points 
-1.335511, -1.636353, -1.025000 
-1.533759, 1.319530, -1.025000 
2.032436, 1.524669, -1.025000 
2.246666, -1.425280, -1.025000 
#OKS At  -795 : After 4 points 
-1.335537, -1.636355, -1.020000 
-1.533791, 1.319611, -1.020000 
2.032430, 1.524751, -1.020000 
2.246666, -1.425280, -1.020000 
#OKS At  -790 : After 4 points 
-1.335563, -1.636356, -1.015000 
-1.533822, 1.319692, -1.015000 
2.032424, 1.524833, -1.015000 
2.246666, -1.425280, -1.015000 
#OKS At  -785 : After 4 points 
-1.335589, -1.636358, -1.010000 
-1.533853, 1.319772, -1.010000 
2.032418, 1.524915, -1.010000 
2.246666, -1.425280, -1.010000 
#OKS At  -780 : After 4 points 
-1.335614, -1.636359, -1.005000 
-1.533884, 1.319853, -1.005000 
2.032412, 1.524998, -1.005000 
2.246666, -1.425280, -1.005000 
#OKS At  -775 : After 4 points 
-1.335640, -1.636361, -1.000000 
-1.533915, 1.319934, -1.000000 
2.032406, 1.525080, -1.000000 
2.246666, -1.425280, -1.000000 
#OKS At  -770 : After 4 points 
-1.335666, -1.636362, -0.995000 
-1.533947, 1.320015, -0.995000 
2.032400, 1.525162, -0.995000 
2.246666, -1.425280, -0.995000 
#OKS At  -765 : After 4 points 
-1.335691, -1.636364, -0.990000 
-1.533978, 1.320095, -0.990000 
2.032394, 1.525244, -0.990000 
2.246666, -1.425280, -0.990000 
#OKS At  -760 : After 4 points 
-1.335717, -1.636365, -0.985000 
-1.534009, 1.320176, -0.985000 
2.032388, 1.525326, -0.985000 
2.246666, -1.425280, -0.985000 
#OKS At  -755 : After 4 points 
-1.335743, -1.636367, -0.980000 
-1.534040, 1.320257, -0.980000 
2.032382, 1.525408, -0.980000 
2.246666, -1.425280, -0.980000 
#OKS At  -750 : After 4 points 
-1.335768, -1.636368, -0.975000 
-1.534071, 1.320337, -0.975000 
2.032376, 1.525491, -0.975000 
2.246666, -1.425280, -0.975000 
#OKS At  -745 : After 4 points 
-1.335794, -1.636370, -0.970000 
-1.534103, 1.320418, -0.970000 
2.032370, 1.525573, -0.970000 
2.246666, -1.425280, -0.970000 
#OKS At  -740 : After 4 points 
-1.335820, -1.636371, -0.965000 
-1.534134, 1.320499, -0.965000 
2.032364, 1.525655, -0.965000 
2.246666, -1.425280, -0.965000 
#OKS At  -735 : After 4 points 
-1.335846, -1.636373, -0.960000 
-1.534165, 1.320579, -0.960000 
2.032358, 1.525737, -0.960000 
2.246666, -1.425280, -0.960000 
#OKS At  -730 : After 4 points 
-1.335871, -1.636374, -0.955000 
-1.534196, 1.320660, -0.955000 
2.032352, 1.525819, -0.955000 
2.246666, -1.425280, -0.955000 
#OKS At  -725 : After 4 points 
-1.335897, -1.636376, -0.950000 
-1.534228, 1.320741, -0.950000 
2.032346, 1.525901, -0.950000 
2.246666, -1.425280, -0.950000 
#OKS At  -720 : After 4 points 
-1.335923, -1.636377, -0.945000 
-1.534259, 1.320822, -0.945000 
2.032340, 1.525983, -0.945000 
2.246666, -1.425280, -0.945000 
#OKS At  -715 : After 4 points 
-1.335948, -1.636379, -0.940000 
-1.534290, 1.320902, -0.940000 
2.032334, 1.526066, -0.940000 
2.246666, -1.425280, -0.940000 
#OKS At  -710 : After 4 points 
-1.335974, -1.636381, -0.935000 
-1.534321, 1.320983, -0.935000 
2.032328, 1.526148, -0.935000 
2.246666, -1.425280, -0.935000 
#OKS At  -705 : After 4 points 
-1.336000, -1.636382, -0.930000 
-1.534352, 1.321064, -0.930000 
2.032322, 1.526230, -0.930000 
2.246666, -1.425280, -0.930000 
#OKS At  -700 : After 4 points 
-1.336025, -1.636384, -0.925000 
-1.534384, 1.321144, -0.925000 
2.032317, 1.526312, -0.925000 
2.246666, -1.425280, -0.925000 
#OKS At  -695 : After 4 points 
-1.336051, -1.636385, -0.920000 
-1.534415, 1.321225, -0.920000 
2.032311, 1.526394, -0.920000 
2.246666, -1.425280, -0.920000 
#OKS At  -690 : After 4 points 
-1.336077, -1.636387, -0.915000 
-1.534446, 1.321306, -0.915000 
2.032305, 1.526476, -0.915000 
2.246666, -1.425280, -0.915000 
#OKS At  -685 : After 4 points 
-1.336103, -1.636388, -0.910000 
-1.534477, 1.321386, -0.910000 
2.032299, 1.526559, -0.910000 
2.246666, -1.425280, -0.910000 
#OKS At  -680 : After 4 points 
-1.336128, -1.636390, -0.905000 
-1.534508, 1.321467, -0.905000 
2.032293, 1.526641, -0.905000 
2.246666, -1.425280, -0.905000 
#OKS At  -675 : After 4 points 
-1.336154, -1.636391, -0.900000 
-1.534540, 1.321548, -0.900000 
2.032287, 1.526723, -0.900000 
2.246666, -1.425280, -0.900000 
#OKS At  -670 : After 4 points 
-1.336180, -1.636393, -0.895000 
-1.534571, 1.321628, -0.895000 
2.032281, 1.526805, -0.895000 
2.246666, -1.425280, -0.895000 
#OKS At  -665 : After 4 points 
-1.336205, -1.636394, -0.890000 
-1.534602, 1.321709, -0.890000 
2.032275, 1.526887, -0.890000 
2.246666, -1.425280, -0.890000 
#OKS At  -660 : After 4 points 
-1.336231, -1.636396, -0.885000 
-1.534633, 1.321790, -0.885000 
2.032269, 1.526969, -0.885000 
2.246666, -1.425280, -0.885000 
#OKS At  -655 : After 4 points 
-1.336257, -1.636397, -0.880000 
-1.534665, 1.321871, -0.880000 
2.032263, 1.527051, -0.880000 
2.246666, -1.425280, -0.880000 
#OKS At  -650 : After 4 points 
-1.336282, -1.636399, -0.875000 
-1.534696, 1.321951, -0.875000 
2.032257, 1.527134, -0.875000 
2.246666, -1.425280, -0.875000 
#OKS At  -645 : After 4 points 
-1.336308, -1.636400, -0.870000 
-1.534727, 1.322032, -0.870000 
2.032251, 1.527216, -0.870000 
2.246666, -1.425280, -0.870000 
#OKS At  -640 : After 4 points 
-1.336334, -1.636402, -0.865000 
-1.534758, 1.322113, -0.865000 
2.032245, 1.527298, -0.865000 
2.246666, -1.425280, -0.865000 
#OKS At  -635 : After 4 points 
-1.336360, -1.636403, -0.860000 
-1.534789, 1.322193, -0.860000 
2.032239, 1.527380, -0.860000 
2.246666, -1.425280, -0.860000 
#OKS At  -630 : After 4 points 
-1.336385, -1.636405, -0.855000 
-1.534821, 1.322274, -0.855000 
2.032233, 1.527462, -0.855000 
2.246666, -1.425280, -0.855000 
#OKS At  -625 : After 4 points 
-1.336411, -1.636406, -0.850000 
-1.534852, 1.322355, -0.850000 
2.032227, 1.527544, -0.850000 
2.246666, -1.425280, -0.850000 
#OKS At  -620 : After 4 points 
-1.336437, -1.636408, -0.845000 
-1.534883, 1.322435, -0.845000 
2.032221, 1.527626, -0.845000 
2.246666, -1.425280, -0.845000 
#OKS At  -615 : After 4 points 
-1.336462, -1.636409, -0.840000 
-1.534914, 1.322516, -0.840000 
2.032215, 1.527709, -0.840000 
2.246666, -1.425280, -0.840000 
#OKS At  -610 : After 4 points 
-1.336488, -1.636411, -0.835000 
-1.534945, 1.322597, -0.835000 
2.032209, 1.527791, -0.835000 
2.246666, -1.425280, -0.835000 
#OKS At  -605 : After 4 points 
-1.336514, -1.636412, -0.830000 
-1.534977, 1.322678, -0.830000 
2.032203, 1.527873, -0.830000 
2.246666, -1.425280, -0.830000 
#OKS At  -600 : After 4 points 
-1.336539, -1.636414, -0.825000 
-1.535008, 1.322758, -0.825000 
2.032197, 1.527955, -0.825000 
2.246666, -1.425280, -0.825000 
#OKS At  -595 : After 4 points 
-1.336565, -1.636415, -0.820000 
-1.535039, 1.322839, -0.820000 
2.032191, 1.528037, -0.820000 
2.246666, -1.425280, -0.820000 
#OKS At  -590 : After 4 points 
-1.336591, -1.636417, -0.815000 
-1.535070, 1.322920, -0.815000 
2.032185, 1.528119, -0.815000 
2.246666, -1.425280, -0.815000 
#OKS At  -585 : After 4 points 
-1.336617, -1.636418, -0.810000 
-1.535102, 1.323000, -0.810000 
2.032179, 1.528202, -0.810000 
2.246666, -1.425280, -0.810000 
#OKS At  -580 : After 4 points 
-1.336642, -1.636420, -0.805000 
-1.535133, 1.323081, -0.805000 
2.032173, 1.528284, -0.805000 
2.246666, -1.425280, -0.805000 
#OKS At  -575 : After 4 points 
-1.336668, -1.636421, -0.800000 
-1.535164, 1.323162, -0.800000 
2.032167, 1.528366, -0.800000 
2.246666, -1.425280, -0.800000 
#OKS At  -570 : After 4 points 
-1.336694, -1.636423, -0.795000 
-1.535195, 1.323242, -0.795000 
2.032161, 1.528448, -0.795000 
2.246666, -1.425280, -0.795000 
#OKS At  -565 : After 4 points 
-1.336719, -1.636424, -0.790000 
-1.535226, 1.323323, -0.790000 
2.032155, 1.528530, -0.790000 
2.246666, -1.425280, -0.790000 
#OKS At  -560 : After 4 points 
-1.336745, -1.636426, -0.785000 
-1.535258, 1.323404, -0.785000 
2.032149, 1.528612, -0.785000 
2.246666, -1.425280, -0.785000 
#OKS At  -555 : After 4 points 
-1.336771, -1.636427, -0.780000 
-1.535289, 1.323485, -0.780000 
2.032144, 1.528694, -0.780000 
2.246666, -1.425280, -0.780000 
#OKS At  -550 : After 4 points 
-1.336796, -1.636429, -0.775000 
-1.535320, 1.323565, -0.775000 
2.032138, 1.528777, -0.775000 
2.246666, -1.425280, -0.775000 
#OKS At  -545 : After 4 points 
-1.336822, -1.636430, -0.770000 
-1.535351, 1.323646, -0.770000 
2.032132, 1.528859, -0.770000 
2.246666, -1.425280, -0.770000 
#OKS At  -540 : After 4 points 
-1.336848, -1.636432, -0.765000 
-1.535382, 1.323727, -0.765000 
2.032126, 1.528941, -0.765000 
2.246666, -1.425280, -0.765000 
#OKS At  -535 : After 4 points 
-1.336874, -1.636434, -0.760000 
-1.535414, 1.323807, -0.760000 
2.032120, 1.529023, -0.760000 
2.246666, -1.425280, -0.760000 
#OKS At  -530 : After 4 points 
-1.336899, -1.636435, -0.755000 
-1.535445, 1.323888, -0.755000 
2.032114, 1.529105, -0.755000 
2.246666, -1.425280, -0.755000 
#OKS At  -525 : After 4 points 
-1.336925, -1.636437, -0.750000 
-1.535476, 1.323969, -0.750000 
2.032108, 1.529187, -0.750000 
2.246666, -1.425280, -0.750000 
#OKS At  -520 : After 4 points 
-1.336951, -1.636438, -0.745000 
-1.535507, 1.324049, -0.745000 
2.032102, 1.529269, -0.745000 
2.246666, -1.425280, -0.745000 
#OKS At  -515 : After 4 points 
-1.336976, -1.636440, -0.740000 
-1.535539, 1.324130, -0.740000 
2.032096, 1.529352, -0.740000 
2.246666, -1.425280, -0.740000 
#OKS At  -510 : After 4 points 
-1.337002, -1.636441, -0.735000 
-1.535570, 1.324211, -0.735000 
2.032090, 1.529434, -0.735000 
2.246666, -1.425280, -0.735000 
#OKS At  -505 : After 4 points 
-1.337028, -1.636443, -0.730000 
-1.535601, 1.324292, -0.730000 
2.032084, 1.529516, -0.730000 
2.246666, -1.425280, -0.730000 
#OKS At  -500 : After 4 points 
-1.337053, -1.636444, -0.725000 
-1.535632, 1.324372, -0.725000 
2.032078, 1.529598, -0.725000 
2.246666, -1.425280, -0.725000 
#OKS At  -495 : After 4 points 
-1.337079, -1.636446, -0.720000 
-1.535663, 1.324453, -0.720000 
2.032072, 1.529680, -0.720000 
2.246666, -1.425280, -0.720000 
#OKS At  -490 : After 4 points 
-1.337105, -1.636447, -0.715000 
-1.535695, 1.324534, -0.715000 
2.032066, 1.529762, -0.715000 
2.246666, -1.425280, -0.715000 
#OKS At  -485 : After 4 points 
-1.337131, -1.636449, -0.710000 
-1.535726, 1.324614, -0.710000 
2.032060, 1.529845, -0.710000 
2.246666, -1.425280, -0.710000 
#OKS At  -480 : After 4 points 
-1.337156, -1.636450, -0.705000 
-1.535757, 1.324695, -0.705000 
2.032054, 1.529927, -0.705000 
2.246666, -1.425280, -0.705000 
#OKS At  -475 : After 4 points 
-1.337182, -1.636452, -0.700000 
-1.535788, 1.324776, -0.700000 
2.032048, 1.530009, -0.700000 
2.246666, -1.425280, -0.700000 
#OKS At  -470 : After 4 points 
-1.337208, -1.636453, -0.695000 
-1.535820, 1.324856, -0.695000 
2.032042, 1.530091, -0.695000 
2.246666, -1.425280, -0.695000 
#OKS At  -465 : After 4 points 
-1.337233, -1.636455, -0.690000 
-1.535851, 1.324937, -0.690000 
2.032036, 1.530173, -0.690000 
2.246666, -1.425280, -0.690000 
#OKS At  -460 : After 4 points 
-1.337259, -1.636456, -0.685000 
-1.535882, 1.325018, -0.685000 
2.032030, 1.530255, -0.685000 
2.246666, -1.425280, -0.685000 
#OKS At  -455 : After 4 points 
-1.337285, -1.636458, -0.680000 
-1.535913, 1.325099, -0.680000 
2.032024, 1.530337, -0.680000 
2.246666, -1.425280, -0.680000 
#OKS At  -450 : After 4 points 
-1.337310, -1.636459, -0.675000 
-1.535944, 1.325179, -0.675000 
2.032018, 1.530420, -0.675000 
2.246666, -1.425280, -0.675000 
#OKS At  -445 : After 4 points 
-1.337336, -1.636461, -0.670000 
-1.535976, 1.325260, -0.670000 
2.032012, 1.530502, -0.670000 
2.246666, -1.425280, -0.670000 
#OKS At  -440 : After 4 points 
-1.337362, -1.636462, -0.665000 
-1.536007, 1.325341, -0.665000 
2.032006, 1.530584, -0.665000 
2.246666, -1.425280, -0.665000 
#OKS At  -435 : After 4 points 
-1.337388, -1.636464, -0.660000 
-1.536038, 1.325421, -0.660000 
2.032000, 1.530666, -0.660000 
2.246666, -1.425280, -0.660000 
#OKS At  -430 : After 4 points 
-1.337413, -1.636465, -0.655000 
-1.536069, 1.325502, -0.655000 
2.031994, 1.530748, -0.655000 
2.246666, -1.425280, -0.655000 
#OKS At  -425 : After 4 points 
-1.337439, -1.636467, -0.650000 
-1.536100, 1.325583, -0.650000 
2.031988, 1.530830, -0.650000 
2.246666, -1.425280, -0.650000 
#OKS At  -420 : After 4 points 
-1.337465, -1.636468, -0.645000 
-1.536132, 1.325663, -0.645000 
2.031982, 1.530912, -0.645000 
2.246666, -1.425280, -0.645000 
#OKS At  -415 : After 4 points 
-1.337490, -1.636470, -0.640000 
-1.536163, 1.325744, -0.640000 
2.031976, 1.530995, -0.640000 
2.246666, -1.425280, -0.640000 
#OKS At  -410 : After 4 points 
-1.337516, -1.636471, -0.635000 
-1.536194, 1.325825, -0.635000 
2.031971, 1.531077, -0.635000 
2.246666, -1.425280, -0.635000 
#OKS At  -405 : After 4 points 
-1.337542, -1.636473, -0.630000 
-1.536225, 1.325905, -0.630000 
2.031965, 1.531159, -0.630000 
2.246666, -1.425280, -0.630000 
#OKS At  -400 : After 4 points 
-1.337568, -1.636474, -0.625000 
-1.536257, 1.325986, -0.625000 
2.031959, 1.531241, -0.625000 
2.246666, -1.425280, -0.625000 
#OKS At  -395 : After 4 points 
-1.337593, -1.636476, -0.620000 
-1.536288, 1.326067, -0.620000 
2.031953, 1.531323, -0.620000 
2.246666, -1.425280, -0.620000 
#OKS At  -390 : After 4 points 
-1.337619, -1.636477, -0.615000 
-1.536319, 1.326148, -0.615000 
2.031947, 1.531405, -0.615000 
2.246666, -1.425280, -0.615000 
#OKS At  -385 : After 4 points 
-1.337645, -1.636479, -0.610000 
-1.536350, 1.326228, -0.610000 
2.031941, 1.531488, -0.610000 
2.246666, -1.425280, -0.610000 
#OKS At  -380 : After 4 points 
-1.337670, -1.636480, -0.605000 
-1.536381, 1.326309, -0.605000 
2.031935, 1.531570, -0.605000 
2.246666, -1.425280, -0.605000 
#OKS At  -375 : After 4 points 
-1.337696, -1.636482, -0.600000 
-1.536413, 1.326390, -0.600000 
2.031929, 1.531652, -0.600000 
2.246666, -1.425280, -0.600000 
#OKS At  -370 : After 4 points 
-1.337722, -1.636483, -0.595000 
-1.536444, 1.326470, -0.595000 
2.031923, 1.531734, -0.595000 
2.246666, -1.425280, -0.595000 
#OKS At  -365 : After 4 points 
-1.337747, -1.636485, -0.590000 
-1.536475, 1.326551, -0.590000 
2.031917, 1.531816, -0.590000 
2.246666, -1.425280, -0.590000 
#OKS At  -360 : After 4 points 
-1.337773, -1.636487, -0.585000 
-1.536506, 1.326632, -0.585000 
2.031911, 1.531898, -0.585000 
2.246666, -1.425280, -0.585000 
#OKS At  -355 : After 4 points 
-1.337799, -1.636488, -0.580000 
-1.536537, 1.326712, -0.580000 
2.031905, 1.531980, -0.580000 
2.246666, -1.425280, -0.580000 
#OKS At  -350 : After 4 points 
-1.337825, -1.636490, -0.575000 
-1.536569, 1.326793, -0.575000 
2.031899, 1.532063, -0.575000 
2.246666, -1.425280, -0.575000 
#OKS At  -345 : After 4 points 
-1.337850, -1.636491, -0.570000 
-1.536600, 1.326874, -0.570000 
2.031893, 1.532145, -0.570000 
2.246666, -1.425280, -0.570000 
#OKS At  -340 : After 4 points 
-1.337876, -1.636493, -0.565000 
-1.536631, 1.326955, -0.565000 
2.031887, 1.532227, -0.565000 
2.246666, -1.425280, -0.565000 
#OKS At  -335 : After 4 points 
-1.337902, -1.636494, -0.560000 
-1.536662, 1.327035, -0.560000 
2.031881, 1.532309, -0.560000 
2.246666, -1.425280, -0.560000 
#OKS At  -330 : After 4 points 
-1.337927, -1.636496, -0.555000 
-1.536694, 1.327116, -0.555000 
2.031875, 1.532391, -0.555000 
2.246666, -1.425280, -0.555000 
#OKS At  -325 : After 4 points 
-1.337953, -1.636497, -0.550000 
-1.536725, 1.327197, -0.550000 
2.031869, 1.532473, -0.550000 
2.246666, -1.425280, -0.550000 
#OKS At  -320 : After 4 points 
-1.337979, -1.636499, -0.545000 
-1.536756, 1.327277, -0.545000 
2.031863, 1.532555, -0.545000 
2.246666, -1.425280, -0.545000 
#OKS At  -315 : After 4 points 
-1.338004, -1.636500, -0.540000 
-1.536787, 1.327358, -0.540000 
2.031857, 1.532638, -0.540000 
2.246666, -1.425280, -0.540000 
#OKS At  -310 : After 4 points 
-1.338030, -1.636502, -0.535000 
-1.536818, 1.327439, -0.535000 
2.031851, 1.532720, -0.535000 
2.246666, -1.425280, -0.535000 
#OKS At  -305 : After 4 points 
-1.338056, -1.636503, -0.530000 
-1.536850, 1.327519, -0.530000 
2.031845, 1.532802, -0.530000 
2.246666, -1.425280, -0.530000 
#OKS At  -300 : After 4 points 
-1.338082, -1.636505, -0.525000 
-1.536881, 1.327600, -0.525000 
2.031839, 1.532884, -0.525000 
2.246666, -1.425280, -0.525000 
#OKS At  -295 : After 4 points 
-1.338107, -1.636506, -0.520000 
-1.536912, 1.327681, -0.520000 
2.031833, 1.532966, -0.520000 
2.246666, -1.425280, -0.520000 
#OKS At  -290 : After 4 points 
-1.338133, -1.636508, -0.515000 
-1.536943, 1.327762, -0.515000 
2.031827, 1.533048, -0.515000 
2.246666, -1.425280, -0.515000 
#OKS At  -285 : After 4 points 
-1.338159, -1.636509, -0.510000 
-1.536974, 1.327842, -0.510000 
2.031821, 1.533131, -0.510000 
2.246666, -1.425280, -0.510000 
#OKS At  -280 : After 4 points 
-1.338184, -1.636511, -0.505000 
-1.537006, 1.327923, -0.505000 
2.031815, 1.533213, -0.505000 
2.246666, -1.425280, -0.505000 
#OKS At  -275 : After 4 points 
-1.338210, -1.636512, -0.500000 
-1.537037, 1.328004, -0.500000 
2.031809, 1.533295, -0.500000 
2.246666, -1.425280, -0.500000 
#OKS At  -270 : After 4 points 
-1.338236, -1.636514, -0.495000 
-1.537068, 1.328084, -0.495000 
2.031803, 1.533377, -0.495000 
2.246666, -1.425280, -0.495000 
#OKS At  -265 : After 4 points 
-1.338261, -1.636515, -0.490000 
-1.537099, 1.328165, -0.490000 
2.031797, 1.533459, -0.490000 
2.246666, -1.425280, -0.490000 
#OKS At  -260 : After 4 points 
-1.338287, -1.636517, -0.485000 
-1.537131, 1.328246, -0.485000 
2.031792, 1.533541, -0.485000 
2.246666, -1.425280, -0.485000 
#OKS At  -255 : After 4 points 
-1.338313, -1.636518, -0.480000 
-1.537162, 1.328326, -0.480000 
2.031786, 1.533623, -0.480000 
2.246666, -1.425280, -0.480000 
#OKS At  -250 : After 4 points 
-1.338339, -1.636520, -0.475000 
-1.537193, 1.328407, -0.475000 
2.031780, 1.533706, -0.475000 
2.246666, -1.425280, -0.475000 
#OKS At  -245 : After 4 points 
-1.338364, -1.636521, -0.470000 
-1.537224, 1.328488, -0.470000 
2.031774, 1.533788, -0.470000 
2.246666, -1.425280, -0.470000 
#OKS At  -240 : After 4 points 
-1.338390, -1.636523, -0.465000 
-1.537255, 1.328569, -0.465000 
2.031768, 1.533870, -0.465000 
2.246666, -1.425280, -0.465000 
#OKS At  -235 : After 4 points 
-1.338416, -1.636524, -0.460000 
-1.537287, 1.328649, -0.460000 
2.031762, 1.533952, -0.460000 
2.246666, -1.425280, -0.460000 
#OKS At  -230 : After 4 points 
-1.338441, -1.636526, -0.455000 
-1.537318, 1.328730, -0.455000 
2.031756, 1.534034, -0.455000 
2.246666, -1.425280, -0.455000 
#OKS At  -225 : After 4 points 
-1.338467, -1.636527, -0.450000 
-1.537349, 1.328811, -0.450000 
2.031750, 1.534116, -0.450000 
2.246666, -1.425280, -0.450000 
#OKS At  -220 : After 4 points 
-1.338493, -1.636529, -0.445000 
-1.537380, 1.328891, -0.445000 
2.031744, 1.534198, -0.445000 
2.246666, -1.425280, -0.445000 
#OKS At  -215 : After 4 points 
-1.338518, -1.636530, -0.440000 
-1.537411, 1.328972, -0.440000 
2.031738, 1.534281, -0.440000 
2.246666, -1.425280, -0.440000 
#OKS At  -210 : After 4 points 
-1.338544, -1.636532, -0.435000 
-1.537443, 1.329053, -0.435000 
2.031732, 1.534363, -0.435000 
2.246666, -1.425280, -0.435000 
#OKS At  -205 : After 4 points 
-1.338570, -1.636533, -0.430000 
-1.537474, 1.329133, -0.430000 
2.031726, 1.534445, -0.430000 
2.246666, -1.425280, -0.430000 
#OKS At  -200 : After 4 points 
-1.338596, -1.636535, -0.425000 
-1.537505, 1.329214, -0.425000 
2.031720, 1.534527, -0.425000 
2.246666, -1.425280, -0.425000 
#OKS At  -195 : After 4 points 
-1.338621, -1.636537, -0.420000 
-1.537536, 1.329295, -0.420000 
2.031714, 1.534609, -0.420000 
2.246666, -1.425280, -0.420000 
#OKS At  -190 : After 4 points 
-1.338647, -1.636538, -0.415000 
-1.537568, 1.329375, -0.415000 
2.031708, 1.534691, -0.415000 
2.246666, -1.425280, -0.415000 
#OKS At  -185 : After 4 points 
-1.338673, -1.636540, -0.410000 
-1.537599, 1.329456, -0.410000 
2.031702, 1.534774, -0.410000 
2.246666, -1.425280, -0.410000 
#OKS At  -180 : After 4 points 
-1.338698, -1.636541, -0.405000 
-1.537630, 1.329537, -0.405000 
2.031696, 1.534856, -0.405000 
2.246666, -1.425280, -0.405000 
#OKS At  -175 : After 4 points 
-1.338724, -1.636543, -0.400000 
-1.537661, 1.329618, -0.400000 
2.031690, 1.534938, -0.400000 
2.246666, -1.425280, -0.400000 
#OKS At  -170 : After 4 points 
-1.338750, -1.636544, -0.395000 
-1.537692, 1.329698, -0.395000 
2.031684, 1.535020, -0.395000 
2.246666, -1.425280, -0.395000 
#OKS At  -165 : After 4 points 
-1.338775, -1.636546, -0.390000 
-1.537724, 1.329779, -0.390000 
2.031678, 1.535102, -0.390000 
2.246666, -1.425280, -0.390000 
#OKS At  -160 : After 4 points 
-1.338801, -1.636547, -0.385000 
-1.537755, 1.329860, -0.385000 
2.031672, 1.535184, -0.385000 
2.246666, -1.425280, -0.385000 
#OKS At  -155 : After 4 points 
-1.338827, -1.636549, -0.380000 
-1.537786, 1.329940, -0.380000 
2.031666, 1.535266, -0.380000 
2.246666, -1.425280, -0.380000 
#OKS At  -150 : After 4 points 
-1.338853, -1.636550, -0.375000 
-1.537817, 1.330021, -0.375000 
2.031660, 1.535349, -0.375000 
2.246666, -1.425280, -0.375000 
#OKS At  -145 : After 4 points 
-1.338878, -1.636552, -0.370000 
-1.537848, 1.330102, -0.370000 
2.031654, 1.535431, -0.370000 
2.246666, -1.425280, -0.370000 
#OKS At  -140 : After 4 points 
-1.338904, -1.636553, -0.365000 
-1.537880, 1.330182, -0.365000 
2.031648, 1.535513, -0.365000 
2.246666, -1.425280, -0.365000 
#OKS At  -135 : After 4 points 
-1.338930, -1.636555, -0.360000 
-1.537911, 1.330263, -0.360000 
2.031642, 1.535595, -0.360000 
2.246666, -1.425280, -0.360000 
#OKS At  -130 : After 4 points 
-1.338955, -1.636556, -0.355000 
-1.537942, 1.330344, -0.355000 
2.031636, 1.535677, -0.355000 
2.246666, -1.425280, -0.355000 
#OKS At  -125 : After 4 points 
-1.338981, -1.636558, -0.350000 
-1.537973, 1.330425, -0.350000 
2.031630, 1.535759, -0.350000 
2.246666, -1.425280, -0.350000 
#OKS At  -120 : After 4 points 
-1.339007, -1.636559, -0.345000 
-1.538005, 1.330505, -0.345000 
2.031624, 1.535841, -0.345000 
2.246666, -1.425280, -0.345000 
#OKS At  -115 : After 4 points 
-1.339032, -1.636561, -0.340000 
-1.538036, 1.330586, -0.340000 
2.031619, 1.535924, -0.340000 
2.246666, -1.425280, -0.340000 
#OKS At  -110 : After 4 points 
-1.339058, -1.636562, -0.335000 
-1.538067, 1.330667, -0.335000 
2.031613, 1.536006, -0.335000 
2.246666, -1.425280, -0.335000 
#OKS At  -105 : After 4 points 
-1.339084, -1.636564, -0.330000 
-1.538098, 1.330747, -0.330000 
2.031607, 1.536088, -0.330000 
2.246666, -1.425280, -0.330000 
#OKS At  -100 : After 4 points 
-1.339110, -1.636565, -0.325000 
-1.538129, 1.330828, -0.325000 
2.031601, 1.536170, -0.325000 
2.246666, -1.425280, -0.325000 
#OKS At   -95 : After 4 points 
-1.339135, -1.636567, -0.320000 
-1.538161, 1.330909, -0.320000 
2.031595, 1.536252, -0.320000 
2.246666, -1.425280, -0.320000 
#OKS At   -90 : After 4 points 
-1.339161, -1.636568, -0.315000 
-1.538192, 1.330989, -0.315000 
2.031589, 1.536334, -0.315000 
2.246666, -1.425280, -0.315000 
#OKS At   -85 : After 4 points 
-1.339187, -1.636570, -0.310000 
-1.538223, 1.331070, -0.310000 
2.031583, 1.536417, -0.310000 
2.246666, -1.425280, -0.310000 
#OKS At   -80 : After 4 points 
-1.339212, -1.636571, -0.305000 
-1.538254, 1.331151, -0.305000 
2.031577, 1.536499, -0.305000 
2.246666, -1.425280, -0.305000 
#OKS At   -75 : After 4 points 
-1.339238, -1.636573, -0.300000 
-1.538285, 1.331232, -0.300000 
2.031571, 1.536581, -0.300000 
2.246666, -1.425280, -0.300000 
#OKS At   -70 : After 4 points 
-1.339264, -1.636574, -0.295000 
-1.538317, 1.331312, -0.295000 
2.031565, 1.536663, -0.295000 
2.246666, -1.425280, -0.295000 
#OKS At   -65 : After 4 points 
-1.339289, -1.636576, -0.290000 
-1.538348, 1.331393, -0.290000 
2.031559, 1.536745, -0.290000 
2.246666, -1.425280, -0.290000 
#OKS At   -60 : After 4 points 
-1.339315, -1.636577, -0.285000 
-1.538379, 1.331474, -0.285000 
2.031553, 1.536827, -0.285000 
2.246666, -1.425280, -0.285000 
#OKS At   -55 : After 4 points 
-1.339341, -1.636579, -0.280000 
-1.538410, 1.331554, -0.280000 
2.031547, 1.536909, -0.280000 
2.246666, -1.425280, -0.280000 
#OKS At   -50 : After 4 points 
-1.339367, -1.636580, -0.275000 
-1.538442, 1.331635, -0.275000 
2.031541, 1.536992, -0.275000 
2.246666, -1.425280, -0.275000 
#OKS At   -45 : After 4 points 
-1.339392, -1.636582, -0.270000 
-1.538473, 1.331716, -0.270000 
2.031535, 1.537074, -0.270000 
2.246666, -1.425280, -0.270000 
#OKS At   -40 : After 4 points 
-1.339418, -1.636583, -0.265000 
-1.538504, 1.331796, -0.265000 
2.031529, 1.537156, -0.265000 
2.246666, -1.425280, -0.265000 
#OKS At   -35 : After 4 points 
-1.339444, -1.636585, -0.260000 
-1.538535, 1.331877, -0.260000 
2.031523, 1.537238, -0.260000 
2.246666, -1.425280, -0.260000 
#OKS At   -30 : After 4 points 
-1.339469, -1.636586, -0.255000 
-1.538566, 1.331958, -0.255000 
2.031517, 1.537320, -0.255000 
2.246666, -1.425280, -0.255000 
#OKS At   -25 : After 4 points 
-1.339495, -1.636588, -0.250000 
-1.538598, 1.332039, -0.250000 
2.031511, 1.537402, -0.250000 
2.246666, -1.425280, -0.250000 
#OKS At   -20 : After 4 points 
-1.339521, -1.636590, -0.245000 
-1.538629, 1.332119, -0.245000 
2.031505, 1.537485, -0.245000 
2.246666, -1.425280, -0.245000 
#OKS At   -15 : After 4 points 
-1.339546, -1.636591, -0.240000 
-1.538660, 1.332200, -0.240000 
2.031499, 1.537567, -0.240000 
2.246666, -1.425280, -0.240000 
#OKS At   -10 : After 4 points 
-1.339572, -1.636593, -0.235000 
-1.538691, 1.332281, -0.235000 
2.031493, 1.537649, -0.235000 
2.246666, -1.425280, -0.235000 
#OKS At    -5 : After 4 points 
-1.339598, -1.636594, -0.230000 
-1.538723, 1.332361, -0.230000 
2.031487, 1.537731, -0.230000 
2.246666, -1.425280, -0.230000 
#OKS At     0 : After 4 points 
-1.339624, -1.636596, -0.225000 
-1.538754, 1.332442, -0.225000 
2.031481, 1.537813, -0.225000 
2.246666, -1.425280, -0.225000 
#OKS At   100 : After 4 points 
-1.340138, -1.636626, -0.125000 
-1.539378, 1.334056, -0.125000 
2.031362, 1.539456, -0.125000 
2.246666, -1.425280, -0.125000 
#OKS At   200 : After 4 points 
-1.340652, -1.636656, -0.025000 
-1.540002, 1.335670, -0.025000 
2.031243, 1.541099, -0.025000 
2.246666, -1.425280, -0.025000 
#OKS At   300 : After 4 points 
-1.341166, -1.636686, 0.075000 
-1.540627, 1.337284, 0.075000 
2.031123, 1.542742, 0.075000 
2.246666, -1.425280, 0.075000 
#OKS At   400 : After 4 points 
-1.341680, -1.636717, 0.175000 
-1.541251, 1.338898, 0.175000 
2.031004, 1.544385, 0.175000 
2.246666, -1.425280, 0.175000 
#OKS At   500 : After 4 points 
-1.342194, -1.636747, 0.275000 
-1.541875, 1.340512, 0.275000 
2.030885, 1.546028, 0.275000 
2.246666, -1.425280, 0.275000 
#OKS At   600 : After 4 points 
-1.342708, -1.636777, 0.375000 
-1.542500, 1.342126, 0.375000 
2.030765, 1.547671, 0.375000 
2.246666, -1.425280, 0.375000 
#OKS At   700 : After 4 points 
-1.343222, -1.636808, 0.475000 
-1.543124, 1.343740, 0.475000 
2.030646, 1.549314, 0.475000 
2.246666, -1.425280, 0.475000 
#OKS At   800 : After 4 points 
-1.343736, -1.636838, 0.575000 
-1.543748, 1.345354, 0.575000 
2.030527, 1.550957, 0.575000 
2.246666, -1.425280, 0.575000 
#OKS At   900 : After 4 points 
-1.344250, -1.636868, 0.675000 
-1.544372, 1.346968, 0.675000 
2.030407, 1.552600, 0.675000 
2.246666, -1.425280, 0.675000 
#OKS At  1000 : After 4 points 
-1.344764, -1.636898, 0.775000 
-1.544997, 1.348582, 0.775000 
2.030288, 1.554243, 0.775000 
2.246666, -1.425280, 0.775000 
#OKS At  1100 : After 4 points 
-1.345278, -1.636929, 0.875000 
-1.545621, 1.350196, 0.875000 
2.030169, 1.555886, 0.875000 
2.246666, -1.425280, 0.875000 
#OKS At  1200 : After 4 points 
-1.345792, -1.636959, 0.975000 
-1.546245, 1.351810, 0.975000 
2.030049, 1.557529, 0.975000 
2.246666, -1.425280, 0.975000 
#OKS At  1300 : After 4 points 
-1.346306, -1.636989, 1.075000 
-1.546870, 1.353423, 1.075000 
2.029930, 1.559172, 1.075000 
2.246666, -1.425280, 1.075000 
#OKS At  1400 : After 4 points 
-1.346820, -1.637020, 1.175000 
-1.547494, 1.355037, 1.175000 
2.029811, 1.560815, 1.175000 
2.246666, -1.425280, 1.175000 
#OKS At  1500 : After 4 points 
-1.347334, -1.637050, 1.275000 
-1.548118, 1.356651, 1.275000 
2.029692, 1.562458, 1.275000 
2.246666, -1.425280, 1.275000 
#OKS At  1600 : After 4 points 
-1.347848, -1.637080, 1.375000 
-1.548743, 1.358265, 1.375000 
2.029572, 1.564101, 1.375000 
2.246666, -1.425280, 1.375000 
#OKS At  1700 : After 4 points 
-1.348362, -1.637110, 1.475000 
-1.549367, 1.359879, 1.475000 
2.029453, 1.565744, 1.475000 
2.246666, -1.425280, 1.475000 
#OKS At  1800 : After 4 points 
-1.348876, -1.637141, 1.575000 
-1.549991, 1.361493, 1.575000 
2.029334, 1.567387, 1.575000 
2.246666, -1.425280, 1.575000 
#OKS At  1900 : After 4 points 
-1.349390, -1.637171, 1.675000 
-1.550615, 1.363107, 1.675000 
2.029214, 1.569030, 1.675000 
2.246666, -1.425280, 1.675000 
#OKS At  2000 : After 4 points 
-1.349904, -1.637201, 1.775000 
-1.551240, 1.364721, 1.775000 
2.029095, 1.570673, 1.775000 
2.246666, -1.425280, 1.775000 
#OKS At  2100 : After 4 points 
-1.350418, -1.637232, 1.875000 
-1.551864, 1.366335, 1.875000 
2.028976, 1.572316, 1.875000 
2.246666, -1.425280, 1.875000 
#OKS At  2200 : After 4 points 
-1.350932, -1.637262, 1.975000 
-1.552488, 1.367949, 1.975000 
2.028856, 1.573959, 1.975000 
2.246666, -1.425280, 1.975000 
#OKS At  2300 : After 4 points 
-1.351446, -1.637292, 2.075000 
-1.553113, 1.369563, 2.075000 
2.028737, 1.575602, 2.075000 
2.246666, -1.425280, 2.075000 
#OKS At  2400 : After 4 points 
-1.351960, -1.637322, 2.175000 
-1.553737, 1.371177, 2.175000 
2.028618, 1.577245, 2.175000 
2.246666, -1.425280, 2.175000 
#OKS At  2500 : After 4 points 
-1.352474, -1.637353, 2.275000 
-1.554361, 1.372791, 2.275000 
2.028498, 1.578888, 2.275000 
2.246666, -1.425280, 2.275000 
#OKS At  2600 : After 4 points 
-1.352988, -1.637383, 2.375000 
-1.554986, 1.374405, 2.375000 
2.028379, 1.580531, 2.375000 
2.246666, -1.425280, 2.375000 
#OKS At  2700 : After 4 points 
-1.353502, -1.637413, 2.475000 
-1.555610, 1.376019, 2.475000 
2.028260, 1.582174, 2.475000 
2.246666, -1.425280, 2.475000 
#OKS At  2800 : After 4 points 
-1.354016, -1.637444, 2.575000 
-1.556234, 1.377633, 2.575000 
2.028140, 1.583817, 2.575000 
2.246666, -1.425280, 2.575000 
#OKS At  2900 : After 4 points 
-1.354530, -1.637474, 2.675000 
-1.556858, 1.379247, 2.675000 
2.028021, 1.585460, 2.675000 
2.246666, -1.425280, 2.675000 
#OKS At  3000 : After 4 points 
-1.355044, -1.637504, 2.775000 
-1.557483, 1.380861, 2.775000 
2.027902, 1.587103, 2.775000 
2.246666, -1.425280, 2.775000 
#OKS At  3100 : After 4 points 
-1.355558, -1.637534, 2.875000 
-1.558107, 1.382475, 2.875000 
2.027782, 1.588746, 2.875000 
2.246666, -1.425280, 2.875000 
#OKS At  3200 : After 4 points 
-1.356072, -1.637565, 2.975000 
-1.558731, 1.384089, 2.975000 
2.027663, 1.590389, 2.975000 
2.246666, -1.425280, 2.975000 
#OKS At  3300 : After 4 points 
-1.356586, -1.637595, 3.075000 
-1.559356, 1.385703, 3.075000 
2.027544, 1.592032, 3.075000 
2.246666, -1.425280, 3.075000 
#OKS At  3400 : After 4 points 
-1.357100, -1.637625, 3.175000 
-1.559980, 1.387317, 3.175000 
2.027424, 1.593675, 3.175000 
2.246666, -1.425280, 3.175000 
#OKS At  3500 : After 4 points 
-1.357614, -1.637656, 3.275000 
-1.560604, 1.388931, 3.275000 
2.027305, 1.595318, 3.275000 
2.246666, -1.425280, 3.275000 
#OKS At  3600 : After 4 points 
-1.358128, -1.637686, 3.375000 
-1.561229, 1.390545, 3.375000 
2.027186, 1.596961, 3.375000 
2.246666, -1.425280, 3.375000 
#OKS At  3700 : After 4 points 
-1.358642, -1.637716, 3.475000 
-1.561853, 1.392159, 3.475000 
2.027067, 1.598604, 3.475000 
2.246666, -1.425280, 3.475000 
#OKS At  3800 : After 5 points 
-1.359156, -1.637746, 3.575000 
-1.433189, -0.533920, 3.575000 
1.452083, 1.567179, 3.575000 
2.026947, 1.600247, 3.575000 
2.246666, -1.425280, 3.575000 
