CHECKING DISTANT FROM POINTS TO AVERAGE PLANE TO REMOVE INCORRECT POINT. 

Distant of points(mm) belongs the plane 0 (43 points): 
 9.91(480),  9.34(479),  8.76(478),  6.98(466),  6.56(467),  6.34(446),  5.72(443),  5.49(442),  5.37(468),  5.09(465),  4.85(454),  4.53(460),  4.47(463),  4.07(450),  4.06(464),  3.91(458),  3.55(440),  3.17(448),  3.14(445),  3.02(457),  2.44(474),  2.35(482),  2.22(456),  2.16(481),  1.96(459),  1.76(469),  1.73(473),  1.27(472),  1.22(470),  1.15(449),  0.85(471),  0.77(461),  0.54(452),  0.45(455),  0.39(447),  0.38(475),  0.37(477),  0.26(441),  0.24(451),  0.24(444),  0.21(476),  0.21(462),  0.18(453), 
Distant of points(mm) belongs the plane 1 (33 points): 
 9.64(433),  9.21(434),  9.15(422),  7.01(428),  6.07(407),  5.97(408),  5.85(420),  5.17(435),  4.71(431),  4.59(421),  4.33(425),  4.05(430),  3.81(410),  3.59(409),  3.56(423),  3.51(426),  3.41(424),  3.17(419),  2.72(412),  2.53(439),  2.19(414),  2.15(417),  1.84(429),  1.65(418),  1.45(411),  1.33(432),  1.18(427),  0.92(415),  0.57(438),  0.40(416),  0.16(413),  0.16(437),  0.05(436), 
Distant of points(mm) belongs the plane 5 (18 points): 
 5.33(496),  5.09(486),  3.63(489),  3.28(498),  2.14(499),  1.67(492),  1.27(483),  1.22(487),  1.02(490),  1.02(488),  0.74(497),  0.65(500),  0.51(495),  0.46(494),  0.46(493),  0.32(484),  0.07(485),  0.04(491), 
Distant of points(mm) belongs the plane 6 (10 points): 
 6.18(510),  4.12(509),  3.83(505),  3.18(506),  3.06(502),  2.84(504),  2.49(507),  1.65(503),  0.99(508),  0.67(501), 
Distant of points(mm) belongs the plane 7 (70 points): 
10.45(574),  9.42(518),  8.96(539),  8.20(569),  6.77(558),  6.18(555),  5.99(513),  5.74(515),  5.70(516),  5.30(579),  5.21(527),  4.63(548),  4.34(529),  4.23(541),  4.18(512),  4.07(538),  4.02(567),  3.94(565),  3.84(578),  3.83(536),  3.68(547),  3.66(573),  3.64(556),  3.63(524),  3.61(521),  3.60(540),  3.55(580),  3.50(511),  3.42(519),  3.37(549),  3.27(514),  3.18(554),  3.17(568),  3.02(535),  2.72(553),  2.59(552),  2.56(530),  2.51(546),  2.48(543),  2.18(523),  2.16(575),  2.09(557),  2.03(563),  1.95(551),  1.80(550),  1.63(528),  1.60(542),  1.58(545),  1.51(517),  1.50(531),  1.45(534),  1.39(564),  1.11(572),  1.10(576),  0.94(571),  0.92(526),  0.89(522),  0.81(562),  0.80(560),  0.78(525),  0.71(559),  0.69(544),  0.67(561),  0.57(520),  0.52(570),  0.46(537),  0.40(533),  0.11(577),  0.11(532),  0.10(566), 
Distant of points(mm) belongs the plane 8 (30 points): 
 6.85(601),  6.66(599),  5.69(600),  4.68(602),  4.59(582),  3.18(589),  3.01(583),  2.96(598),  2.96(586),  2.48(603),  2.22(595),  2.07(597),  2.07(610),  1.91(581),  1.89(606),  1.88(608),  1.87(592),  1.75(591),  1.70(585),  1.57(590),  1.54(594),  1.32(587),  1.22(604),  1.21(605),  1.20(609),  1.19(593),  0.80(584),  0.74(596),  0.49(588),  0.36(607), 
