CHECKING DISTANT FROM POINTS TO AVERAGE PLANE TO REMOVE INCORRECT POINT. 

Distant of points(mm) belongs the plane 0 (48 points): 
24.60(19), 21.73(22), 21.00(55), 14.39(20), 14.16(56), 13.46(21), 13.42(46), 11.92(47), 10.73(10), 10.71(17), 10.25(31),  9.82(29),  9.79(53),  9.48(25),  9.42(48),  9.14(12),  8.64(23),  8.31(13),  7.68(27),  7.59(16),  7.49(30),  7.05(9),  6.33(32),  6.32(50),  6.04(14),  5.48(28),  5.09(35),  5.06(26),  4.59(18),  4.57(36),  4.40(15),  4.26(24),  4.18(33),  4.06(44),  3.49(40),  3.36(49),  3.32(45),  3.12(43),  2.99(42),  2.68(34),  2.04(54),  1.80(11),  1.73(37),  1.18(41),  0.97(52),  0.83(38),  0.80(39),  0.38(51), 
Distant of points(mm) belongs the plane 1 (25 points): 
 5.28(81),  3.92(80),  3.75(68),  3.68(70),  3.60(67),  3.10(74),  3.07(71),  2.77(61),  2.63(64),  2.58(76),  2.50(75),  2.38(69),  2.38(62),  2.29(77),  2.15(73),  2.12(72),  2.12(63),  2.03(78),  2.01(66),  1.94(57),  1.84(65),  1.76(60),  1.72(58),  0.27(79),  0.00(59), 
Distant of points(mm) belongs the plane 2 (13 points): 
 8.66(94),  8.61(90),  4.24(84),  3.50(93),  2.87(88),  2.68(82),  1.63(83),  1.34(87),  1.23(91),  1.03(85),  0.84(86),  0.62(92),  0.08(89), 
Distant of points(mm) belongs the plane 3 (14 points): 
 6.15(103),  3.99(97),  3.75(105),  3.21(104),  2.82(96),  2.79(106),  2.54(95),  1.74(108),  1.56(107),  1.25(98),  0.73(102),  0.69(99),  0.53(100),  0.09(101), 
Distant of points(mm) belongs the plane 4 (45 points): 
20.87(136), 20.07(151), 18.99(150), 18.24(152), 15.23(137), 14.18(130), 14.13(141), 13.95(135), 13.59(148), 13.49(145), 12.84(134), 11.97(153), 11.67(158), 11.63(163), 11.50(157), 11.32(164), 10.81(143), 10.69(162), 10.67(159),  9.56(165),  8.53(166),  8.27(133),  8.08(144),  7.40(138),  7.35(156),  6.57(154),  5.45(147),  5.29(149),  5.22(129),  4.95(146),  4.78(132),  4.44(142),  3.88(170),  2.89(173),  2.72(161),  2.50(171),  2.34(160),  2.00(131),  1.75(139),  1.55(140),  1.34(167),  1.25(172),  1.02(169),  0.46(155),  0.14(168), 
Distant of points(mm) belongs the plane 5 (20 points): 
 5.81(113),  5.73(114),  4.61(112),  4.53(120),  3.69(122),  3.07(126),  2.98(125),  2.83(124),  2.76(116),  2.67(128),  1.74(115),  1.63(111),  1.47(117),  0.97(121),  0.89(123),  0.54(118),  0.40(119),  0.39(127),  0.35(110),  0.23(109), 
Distant of points(mm) belongs the plane 6 (30 points): 
 6.60(195),  5.98(189),  5.93(181),  5.62(174),  5.31(175),  5.31(199),  5.30(179),  4.86(180),  4.63(187),  4.17(191),  4.01(200),  3.49(196),  3.27(193),  2.40(184),  2.28(185),  2.26(176),  2.19(202),  1.75(182),  1.65(197),  1.63(203),  1.61(192),  1.61(188),  1.34(198),  1.07(201),  1.00(186),  0.57(178),  0.54(183),  0.44(177),  0.28(190),  0.20(194), 
Distant of points(mm) belongs the plane 7 (10 points): 
 6.51(207),  6.10(213),  4.13(204),  4.02(205),  3.38(209),  2.17(210),  1.68(208),  1.49(212),  0.80(211),  0.49(206), 
Distant of points(mm) belongs the plane 8 (15 points): 
11.96(214),  8.51(221),  7.07(224),  4.82(225),  4.52(220),  4.30(219),  3.74(218),  2.46(223),  2.22(222),  1.43(216),  1.42(227),  1.10(215),  1.04(228),  0.97(217),  0.73(226), 
Distant of points(mm) belongs the plane 9 (24 points): 
 8.77(241),  8.04(252),  7.68(247),  6.02(233),  5.55(229),  5.29(234),  5.12(232),  4.74(244),  4.09(248),  3.53(230),  3.47(251),  3.45(243),  3.17(246),  3.04(237),  2.18(238),  2.09(240),  1.10(236),  1.08(245),  0.99(235),  0.69(231),  0.52(242),  0.22(250),  0.21(239),  0.03(249), 
Distant of points(mm) belongs the plane 10 (8 points): 
 9.24(259),  8.65(258),  7.85(260),  7.58(255),  7.00(256),  4.99(257),  4.13(254),  2.44(253), 
