#OKS At   -55 : After 4 points 
2.576490, -4.661455, -1.468000 
2.591095, -4.411520, -1.468000 
-3.225538, -4.125015, -1.468000 
-3.228099, -4.627744, -1.468000 
#OKS At   -50 : After 4 points 
2.577674, -4.661462, -1.463000 
2.627080, -3.815991, -1.463000 
-3.222495, -3.527863, -1.463000 
-3.228099, -4.627744, -1.463000 
#OKS At   -45 : After 4 points 
2.578858, -4.661469, -1.458000 
2.663064, -3.220462, -1.458000 
-3.219452, -2.930712, -1.458000 
-3.228099, -4.627744, -1.458000 
#OKS At   -40 : After 4 points 
2.580042, -4.661476, -1.453000 
2.699049, -2.624933, -1.453000 
-3.216410, -2.333561, -1.453000 
-3.228099, -4.627744, -1.453000 
#OKS At   -35 : After 4 points 
2.581226, -4.661482, -1.448000 
2.735033, -2.029404, -1.448000 
-3.213367, -1.736409, -1.448000 
-3.228099, -4.627744, -1.448000 
#OKS At   -30 : After 5 points 
2.746716, -1.849740, -1.443000 
2.582410, -4.661489, -1.443000 
-3.228099, -4.627744, -1.443000 
-3.210324, -1.139258, -1.443000 
2.746241, -1.432654, -1.443000 
#OKS At   -25 : After 5 points 
2.748028, -1.847557, -1.438000 
2.583594, -4.661496, -1.438000 
-3.228099, -4.627744, -1.438000 
-3.207281, -0.542107, -1.438000 
2.746875, -0.835383, -1.438000 
#OKS At   -20 : After 5 points 
2.749340, -1.845375, -1.433000 
2.584778, -4.661503, -1.433000 
-3.228099, -4.627744, -1.433000 
-3.204239, 0.055045, -1.433000 
2.747508, -0.238112, -1.433000 
#OKS At   -15 : After 5 points 
2.750652, -1.843193, -1.428000 
2.585962, -4.661510, -1.428000 
-3.228099, -4.627744, -1.428000 
-3.201196, 0.652196, -1.428000 
2.748142, 0.359159, -1.428000 
#OKS At   -10 : After 5 points 
2.751964, -1.841010, -1.423000 
2.587146, -4.661517, -1.423000 
-3.228099, -4.627744, -1.423000 
-3.198153, 1.249347, -1.423000 
2.748776, 0.956430, -1.423000 
#OKS At    -5 : After 5 points 
2.753276, -1.838828, -1.418000 
2.588330, -4.661524, -1.418000 
-3.228099, -4.627744, -1.418000 
-3.195110, 1.846499, -1.418000 
2.749410, 1.553701, -1.418000 
#OKS At     0 : After 5 points 
2.754588, -1.836646, -1.413000 
2.589514, -4.661531, -1.413000 
-3.228099, -4.627744, -1.413000 
-3.192068, 2.443650, -1.413000 
2.750043, 2.150972, -1.413000 
#OKS At   100 : After 5 points 
2.780826, -1.792999, -1.313000 
2.613193, -4.661668, -1.313000 
-3.228099, -4.627744, -1.313000 
-3.176330, 5.532202, -1.313000 
2.772498, 5.514217, -1.313000 
#OKS At   200 : After 5 points 
2.807064, -1.749352, -1.213000 
2.636873, -4.661806, -1.213000 
-3.228099, -4.627744, -1.213000 
-3.176337, 5.530834, -1.213000 
2.798788, 5.512770, -1.213000 
#OKS At   300 : After 5 points 
2.833302, -1.705706, -1.113000 
2.660553, -4.661943, -1.113000 
-3.228099, -4.627744, -1.113000 
-3.176344, 5.529467, -1.113000 
2.825077, 5.511323, -1.113000 
#OKS At   400 : After 5 points 
2.859540, -1.662059, -1.013000 
2.684232, -4.662081, -1.013000 
-3.228099, -4.627744, -1.013000 
-3.176351, 5.528099, -1.013000 
2.851367, 5.509876, -1.013000 
#OKS At   500 : After 5 points 
2.885778, -1.618412, -0.913000 
2.707912, -4.662218, -0.913000 
-3.228099, -4.627744, -0.913000 
-3.176358, 5.526732, -0.913000 
2.877656, 5.508429, -0.913000 
#OKS At   600 : After 5 points 
2.912016, -1.574765, -0.813000 
2.731591, -4.662356, -0.813000 
-3.228099, -4.627744, -0.813000 
-3.176365, 5.525364, -0.813000 
2.903946, 5.506982, -0.813000 
#OKS At   700 : After 5 points 
2.938254, -1.531119, -0.713000 
2.755271, -4.662493, -0.713000 
-3.228099, -4.627744, -0.713000 
-3.176372, 5.523997, -0.713000 
2.930235, 5.505535, -0.713000 
#OKS At   800 : After 6 points 
2.950022, -1.735097, -0.613000 
2.960918, 1.648710, -0.613000 
2.956525, 5.504088, -0.613000 
-3.176379, 5.522629, -0.613000 
-3.228099, -4.627744, -0.613000 
2.778950, -4.662631, -0.613000 
#OKS At   900 : After 5 points 
2.948418, -2.167915, -0.513000 
2.973118, 5.502671, -0.513000 
-3.176386, 5.521262, -0.513000 
-3.228099, -4.627744, -0.513000 
2.802630, -4.662768, -0.513000 
#OKS At  1000 : After 5 points 
2.946814, -2.600732, -0.413000 
2.972903, 5.501304, -0.413000 
-3.176393, 5.519895, -0.413000 
-3.228099, -4.627744, -0.413000 
2.826309, -4.662906, -0.413000 
#OKS At  1100 : After 5 points 
2.945209, -3.033550, -0.313000 
2.972687, 5.499937, -0.313000 
-3.176400, 5.518527, -0.313000 
-3.228099, -4.627744, -0.313000 
2.849989, -4.663043, -0.313000 
#OKS At  1200 : After 5 points 
2.943605, -3.466368, -0.213000 
2.972472, 5.498570, -0.213000 
-3.176407, 5.517160, -0.213000 
-3.228099, -4.627744, -0.213000 
2.873668, -4.663181, -0.213000 
#OKS At  1300 : After 5 points 
2.942000, -3.899185, -0.113000 
2.972257, 5.497204, -0.113000 
-3.176414, 5.515792, -0.113000 
-3.228099, -4.627744, -0.113000 
2.897348, -4.663318, -0.113000 
#OKS At  1400 : After 5 points 
2.940396, -4.332003, -0.013000 
2.972042, 5.495837, -0.013000 
-3.176421, 5.514425, -0.013000 
-3.228099, -4.627744, -0.013000 
2.921027, -4.663456, -0.013000 
#OKS At  1500 : After 4 points 
2.939118, -4.663561, 0.087000 
2.971827, 5.494470, 0.087000 
-3.176428, 5.513057, 0.087000 
-3.228099, -4.627744, 0.087000 
#OKS At  1600 : After 4 points 
2.938907, -4.663560, 0.187000 
2.971612, 5.493103, 0.187000 
-3.176434, 5.511690, 0.187000 
-3.228099, -4.627744, 0.187000 
#OKS At  1700 : After 4 points 
2.938696, -4.663559, 0.287000 
2.971397, 5.491736, 0.287000 
-3.176441, 5.510323, 0.287000 
-3.228099, -4.627744, 0.287000 
#OKS At  1800 : After 4 points 
2.938486, -4.663557, 0.387000 
2.971182, 5.490370, 0.387000 
-3.176448, 5.508955, 0.387000 
-3.228099, -4.627744, 0.387000 
#OKS At  1900 : After 4 points 
2.938275, -4.663556, 0.487000 
2.970967, 5.489003, 0.487000 
-3.176455, 5.507588, 0.487000 
-3.228099, -4.627744, 0.487000 
#OKS At  2000 : After 4 points 
2.938064, -4.663555, 0.587000 
2.970752, 5.487636, 0.587000 
-3.176462, 5.506220, 0.587000 
-3.228099, -4.627744, 0.587000 
#OKS At  2100 : After 4 points 
2.937854, -4.663554, 0.687000 
2.970537, 5.486269, 0.687000 
-3.176469, 5.504853, 0.687000 
-3.228099, -4.627744, 0.687000 
#OKS At  2200 : After 4 points 
2.937643, -4.663552, 0.787000 
2.970322, 5.484902, 0.787000 
-3.176476, 5.503485, 0.787000 
-3.228099, -4.627744, 0.787000 
#OKS At  2300 : After 4 points 
2.937432, -4.663551, 0.887000 
2.970107, 5.483536, 0.887000 
-3.176483, 5.502118, 0.887000 
-3.228099, -4.627744, 0.887000 
#OKS At  2400 : After 4 points 
2.937222, -4.663550, 0.987000 
2.969892, 5.482169, 0.987000 
-3.176490, 5.500751, 0.987000 
-3.228099, -4.627744, 0.987000 
#OKS At  2500 : After 4 points 
2.937011, -4.663549, 1.087000 
2.969677, 5.480802, 1.087000 
-3.176497, 5.499383, 1.087000 
-3.228099, -4.627744, 1.087000 
#OKS At  2600 : After 4 points 
2.936800, -4.663548, 1.187000 
2.969462, 5.479435, 1.187000 
-3.176504, 5.498016, 1.187000 
-3.228099, -4.627744, 1.187000 
#OKS At  2700 : After 4 points 
2.936590, -4.663546, 1.287000 
2.969246, 5.478068, 1.287000 
-3.176511, 5.496648, 1.287000 
-3.228099, -4.627744, 1.287000 
#OKS At  2800 : After 4 points 
2.936379, -4.663545, 1.387000 
2.969031, 5.476702, 1.387000 
-3.176518, 5.495281, 1.387000 
-3.228099, -4.627744, 1.387000 
#OKS At  2900 : After 4 points 
2.936168, -4.663544, 1.487000 
2.968816, 5.475335, 1.487000 
-3.176525, 5.493913, 1.487000 
-3.228099, -4.627744, 1.487000 
#OKS At  3000 : After 4 points 
2.935958, -4.663543, 1.587000 
2.968601, 5.473968, 1.587000 
-3.176532, 5.492546, 1.587000 
-3.228099, -4.627744, 1.587000 
#OKS At  3100 : After 4 points 
2.935747, -4.663541, 1.687000 
2.968386, 5.472601, 1.687000 
-3.176539, 5.491179, 1.687000 
-3.228099, -4.627744, 1.687000 
#OKS At  3200 : After 4 points 
2.935537, -4.663540, 1.787000 
2.968171, 5.471234, 1.787000 
-3.176546, 5.489811, 1.787000 
-3.228099, -4.627744, 1.787000 
#OKS At  3300 : After 4 points 
2.935326, -4.663539, 1.887000 
2.967956, 5.469868, 1.887000 
-3.176553, 5.488444, 1.887000 
-3.228099, -4.627744, 1.887000 
#OKS At  3400 : After 4 points 
2.935115, -4.663538, 1.987000 
2.967741, 5.468501, 1.987000 
-3.176560, 5.487076, 1.987000 
-3.228099, -4.627744, 1.987000 
#OKS At  3500 : After 4 points 
2.934905, -4.663537, 2.087000 
2.967526, 5.467134, 2.087000 
-3.176567, 5.485709, 2.087000 
-3.228099, -4.627744, 2.087000 
#OKS At  3600 : After 4 points 
2.934694, -4.663535, 2.187000 
2.967311, 5.465767, 2.187000 
-3.176574, 5.484341, 2.187000 
-3.228099, -4.627744, 2.187000 
#OKS At  3700 : After 4 points 
2.934483, -4.663534, 2.287000 
2.967096, 5.464400, 2.287000 
-3.176581, 5.482974, 2.287000 
-3.228099, -4.627744, 2.287000 
#OKS At  3800 : After 4 points 
2.934273, -4.663533, 2.387000 
2.966881, 5.463034, 2.387000 
-3.176588, 5.481607, 2.387000 
-3.228099, -4.627744, 2.387000 
#OKS At  3900 : After 4 points 
2.934062, -4.663532, 2.487000 
2.966666, 5.461667, 2.487000 
-3.176595, 5.480239, 2.487000 
-3.228099, -4.627744, 2.487000 
#OKS At  4000 : After 4 points 
2.933851, -4.663530, 2.587000 
2.966451, 5.460300, 2.587000 
-3.176602, 5.478872, 2.587000 
-3.228099, -4.627744, 2.587000 
#OKS At  4100 : After 4 points 
2.933641, -4.663529, 2.687000 
2.966236, 5.458933, 2.687000 
-3.176609, 5.477504, 2.687000 
-3.228099, -4.627744, 2.687000 
#OKS At  4200 : After 4 points 
2.933430, -4.663528, 2.787000 
2.966020, 5.457566, 2.787000 
-3.176616, 5.476137, 2.787000 
-3.228099, -4.627744, 2.787000 
#OKS At  4300 : After 4 points 
2.933219, -4.663527, 2.887000 
2.965805, 5.456200, 2.887000 
-3.176623, 5.474769, 2.887000 
-3.228099, -4.627744, 2.887000 
#OKS At  4400 : After 4 points 
2.933009, -4.663526, 2.987000 
2.965590, 5.454833, 2.987000 
-3.176630, 5.473402, 2.987000 
-3.228099, -4.627744, 2.987000 
#OKS At  4500 : After 4 points 
2.932798, -4.663524, 3.087000 
2.965375, 5.453466, 3.087000 
-3.176637, 5.472034, 3.087000 
-3.228099, -4.627744, 3.087000 
#OKS At  4600 : After 4 points 
2.932587, -4.663523, 3.187000 
2.965160, 5.452099, 3.187000 
-3.176643, 5.470667, 3.187000 
-3.228099, -4.627744, 3.187000 
#OKS At  4700 : After 4 points 
2.932377, -4.663522, 3.287000 
2.964945, 5.450732, 3.287000 
-3.176650, 5.469300, 3.287000 
-3.228099, -4.627744, 3.287000 
#OKS At  4800 : After 4 points 
2.932166, -4.663521, 3.387000 
2.964730, 5.449366, 3.387000 
-3.176657, 5.467932, 3.387000 
-3.228099, -4.627744, 3.387000 
#OKS At  4900 : After 4 points 
2.931955, -4.663519, 3.487000 
2.964515, 5.447999, 3.487000 
-3.176664, 5.466565, 3.487000 
-3.228099, -4.627744, 3.487000 
#OKS At  5000 : After 4 points 
2.931745, -4.663518, 3.587000 
2.964300, 5.446632, 3.587000 
-3.176671, 5.465197, 3.587000 
-3.228099, -4.627744, 3.587000 
#OKS At  5100 : After 4 points 
2.931534, -4.663517, 3.687000 
2.964085, 5.445265, 3.687000 
-3.176678, 5.463830, 3.687000 
-3.228099, -4.627744, 3.687000 
#OKS At  5200 : After 4 points 
2.931323, -4.663516, 3.787000 
2.963870, 5.443898, 3.787000 
-3.176685, 5.462462, 3.787000 
-3.228099, -4.627744, 3.787000 
#OKS At  5300 : After 4 points 
2.931113, -4.663515, 3.887000 
2.963655, 5.442532, 3.887000 
-3.176692, 5.461095, 3.887000 
-3.228099, -4.627744, 3.887000 
#OKS At  5400 : After 4 points 
2.930902, -4.663513, 3.987000 
2.963440, 5.441165, 3.987000 
-3.176699, 5.459728, 3.987000 
-3.228099, -4.627744, 3.987000 
#OKS At  5500 : After 4 points 
2.930691, -4.663512, 4.087000 
2.963225, 5.439798, 4.087000 
-3.176706, 5.458360, 4.087000 
-3.228099, -4.627744, 4.087000 
#OKS At  5600 : After 4 points 
2.930481, -4.663511, 4.187000 
2.963010, 5.438431, 4.187000 
-3.176713, 5.456993, 4.187000 
-3.228099, -4.627744, 4.187000 
#OKS At  5700 : After 4 points 
2.930270, -4.663510, 4.287000 
2.962795, 5.437064, 4.287000 
-3.176720, 5.455625, 4.287000 
-3.228099, -4.627744, 4.287000 
#OKS At  5800 : After 4 points 
2.930059, -4.663508, 4.387000 
2.962579, 5.435698, 4.387000 
-3.176727, 5.454258, 4.387000 
-3.228099, -4.627744, 4.387000 
#OKS At  5900 : After 4 points 
2.929849, -4.663507, 4.487000 
2.962364, 5.434331, 4.487000 
-3.176734, 5.452890, 4.487000 
-3.228099, -4.627744, 4.487000 
#OKS At  6000 : After 4 points 
2.929638, -4.663506, 4.587000 
2.962149, 5.432964, 4.587000 
-3.176741, 5.451523, 4.587000 
-3.228099, -4.627744, 4.587000 
#OKS At  6100 : After 4 points 
2.929427, -4.663505, 4.687000 
2.961934, 5.431597, 4.687000 
-3.176748, 5.450156, 4.687000 
-3.228099, -4.627744, 4.687000 
#OKS At  6200 : After 4 points 
2.929217, -4.663504, 4.787000 
2.961719, 5.430230, 4.787000 
-3.176755, 5.448788, 4.787000 
-3.228099, -4.627744, 4.787000 
#OKS At  6300 : After 4 points 
2.929006, -4.663502, 4.887000 
2.961504, 5.428864, 4.887000 
-3.176762, 5.447421, 4.887000 
-3.228099, -4.627744, 4.887000 
#OKS At  6400 : After 4 points 
2.928795, -4.663501, 4.987000 
2.961289, 5.427497, 4.987000 
-3.176769, 5.446053, 4.987000 
-3.228099, -4.627744, 4.987000 
#OKS At  6500 : After 4 points 
2.928585, -4.663500, 5.087000 
2.961074, 5.426130, 5.087000 
-3.176776, 5.444686, 5.087000 
-3.228099, -4.627744, 5.087000 
#OKS At  6600 : After 4 points 
2.928374, -4.663499, 5.187000 
2.960859, 5.424763, 5.187000 
-3.176783, 5.443318, 5.187000 
-3.228099, -4.627744, 5.187000 
#OKS At  6700 : After 4 points 
2.928163, -4.663497, 5.287000 
2.960644, 5.423396, 5.287000 
-3.176790, 5.441951, 5.287000 
-3.228099, -4.627744, 5.287000 
#OKS At  6800 : After 4 points 
2.927953, -4.663496, 5.387000 
2.960429, 5.422030, 5.387000 
-3.176797, 5.440584, 5.387000 
-3.228099, -4.627744, 5.387000 
#OKS At  6900 : After 4 points 
2.927742, -4.663495, 5.487000 
2.960214, 5.420663, 5.487000 
-3.176804, 5.439216, 5.487000 
-3.228099, -4.627744, 5.487000 
#OKS At  7000 : After 4 points 
2.927531, -4.663494, 5.587000 
2.959999, 5.419296, 5.587000 
-3.176811, 5.437849, 5.587000 
-3.228099, -4.627744, 5.587000 
#OKS At  7100 : After 4 points 
2.927321, -4.663493, 5.687000 
2.959784, 5.417929, 5.687000 
-3.176818, 5.436481, 5.687000 
-3.228099, -4.627744, 5.687000 
#OKS At  7200 : After 4 points 
2.927110, -4.663491, 5.787000 
2.959569, 5.416562, 5.787000 
-3.176825, 5.435114, 5.787000 
-3.228099, -4.627744, 5.787000 
#OKS At  7300 : After 4 points 
2.926899, -4.663490, 5.887000 
2.959353, 5.415196, 5.887000 
-3.176832, 5.433746, 5.887000 
-3.228099, -4.627744, 5.887000 
#OKS At  7400 : After 4 points 
2.926689, -4.663489, 5.987000 
2.959138, 5.413829, 5.987000 
-3.176839, 5.432379, 5.987000 
-3.228099, -4.627744, 5.987000 
#OKS At  7500 : After 4 points 
2.926478, -4.663488, 6.087000 
2.958923, 5.412462, 6.087000 
-3.176846, 5.431012, 6.087000 
-3.228099, -4.627744, 6.087000 
#OKS At  7600 : After 4 points 
2.926267, -4.663486, 6.187000 
2.958708, 5.411095, 6.187000 
-3.176853, 5.429644, 6.187000 
-3.228099, -4.627744, 6.187000 
#OKS At  7700 : After 5 points 
2.937007, -1.262888, 6.287000 
2.920459, -4.663453, 6.287000 
-3.228099, -4.627744, 6.287000 
-3.176859, 5.428277, 6.287000 
2.958493, 5.409728, 6.287000 
#OKS At  7800 : After 4 points 
2.868922, -4.663153, 6.387000 
2.917932, 5.408484, 6.387000 
-3.176866, 5.426909, 6.387000 
-3.228099, -4.627744, 6.387000 
#OKS At  7900 : After 4 points 
2.817385, -4.662854, 6.487000 
2.866388, 5.407272, 6.487000 
-3.176873, 5.425542, 6.487000 
-3.228099, -4.627744, 6.487000 
#OKS At  8000 : After 4 points 
2.765848, -4.662555, 6.587000 
2.814843, 5.406060, 6.587000 
-3.176880, 5.424174, 6.587000 
-3.228099, -4.627744, 6.587000 
#OKS At  8100 : After 4 points 
2.714310, -4.662255, 6.687000 
2.763299, 5.404849, 6.687000 
-3.176887, 5.422807, 6.687000 
-3.228099, -4.627744, 6.687000 
#OKS At  8200 : After 4 points 
2.662773, -4.661956, 6.787000 
2.711754, 5.403637, 6.787000 
-3.176894, 5.421440, 6.787000 
-3.228099, -4.627744, 6.787000 
#OKS At  8300 : After 4 points 
2.611236, -4.661657, 6.887000 
2.660210, 5.402425, 6.887000 
-3.176901, 5.420072, 6.887000 
-3.228099, -4.627744, 6.887000 
#OKS At  8400 : After 4 points 
2.559699, -4.661358, 6.987000 
2.608665, 5.401214, 6.987000 
-3.176908, 5.418705, 6.987000 
-3.228099, -4.627744, 6.987000 
#OKS At  8500 : After 4 points 
2.508161, -4.661058, 7.087000 
2.557120, 5.400002, 7.087000 
-3.176915, 5.417337, 7.087000 
-3.228099, -4.627744, 7.087000 
#OKS At  8600 : After 4 points 
2.456624, -4.660759, 7.187000 
2.505576, 5.398791, 7.187000 
-3.176922, 5.415970, 7.187000 
-3.228099, -4.627744, 7.187000 
#OKS At  8700 : After 4 points 
2.405087, -4.660460, 7.287000 
2.454031, 5.397579, 7.287000 
-3.176929, 5.414602, 7.287000 
-3.228099, -4.627744, 7.287000 
#OKS At  8800 : After 4 points 
2.353550, -4.660160, 7.387000 
2.402487, 5.396367, 7.387000 
-3.176936, 5.413235, 7.387000 
-3.228099, -4.627744, 7.387000 
#OKS At  8900 : After 4 points 
2.302013, -4.659861, 7.487000 
2.350942, 5.395156, 7.487000 
-3.176943, 5.411867, 7.487000 
-3.228099, -4.627744, 7.487000 
#OKS At  9000 : After 4 points 
2.250475, -4.659562, 7.587000 
2.299398, 5.393944, 7.587000 
-3.176950, 5.410500, 7.587000 
-3.228099, -4.627744, 7.587000 
#OKS At  9100 : After 4 points 
2.198938, -4.659262, 7.687000 
2.247853, 5.392732, 7.687000 
-3.176957, 5.409133, 7.687000 
-3.228099, -4.627744, 7.687000 
#OKS At  9200 : After 4 points 
2.147401, -4.658963, 7.787000 
2.196308, 5.391521, 7.787000 
-3.176964, 5.407765, 7.787000 
-3.228099, -4.627744, 7.787000 
#OKS At  9300 : After 4 points 
2.144764, 5.390309, 7.887000 
2.144120, 5.257950, 7.887000 
-3.182409, 4.339223, 7.887000 
-3.176971, 5.406398, 7.887000 
