#OKS At   -55 : After 4 points 
2.576493, -4.661455, -1.468000 
2.591199, -4.409796, -1.468000 
-3.240800, -4.126192, -1.468000 
-3.243353, -4.627656, -1.468000 
#OKS At   -50 : After 4 points 
2.577677, -4.661462, -1.463000 
2.627185, -3.814244, -1.463000 
-3.237759, -3.529040, -1.463000 
-3.243353, -4.627656, -1.463000 
#OKS At   -45 : After 4 points 
2.578861, -4.661469, -1.458000 
2.663171, -3.218692, -1.458000 
-3.234718, -2.931888, -1.458000 
-3.243353, -4.627656, -1.458000 
#OKS At   -40 : After 4 points 
2.580045, -4.661476, -1.453000 
2.699157, -2.623140, -1.453000 
-3.231677, -2.334737, -1.453000 
-3.243353, -4.627656, -1.453000 
#OKS At   -35 : After 4 points 
2.581229, -4.661483, -1.448000 
2.735143, -2.027588, -1.448000 
-3.228636, -1.737585, -1.448000 
-3.243353, -4.627656, -1.448000 
#OKS At   -30 : After 5 points 
2.746720, -1.849733, -1.443000 
2.582413, -4.661489, -1.443000 
-3.243353, -4.627656, -1.443000 
-3.225595, -1.140434, -1.443000 
2.746243, -1.430828, -1.443000 
#OKS At   -25 : After 5 points 
2.748032, -1.847551, -1.438000 
2.583597, -4.661496, -1.438000 
-3.243353, -4.627656, -1.438000 
-3.222554, -0.543282, -1.438000 
2.746876, -0.833560, -1.438000 
#OKS At   -20 : After 5 points 
2.749344, -1.845368, -1.433000 
2.584781, -4.661503, -1.433000 
-3.243353, -4.627656, -1.433000 
-3.219514, 0.053870, -1.433000 
2.747510, -0.236292, -1.433000 
#OKS At   -15 : After 5 points 
2.750656, -1.843186, -1.428000 
2.585965, -4.661510, -1.428000 
-3.243353, -4.627656, -1.428000 
-3.216473, 0.651021, -1.428000 
2.748144, 0.360976, -1.428000 
#OKS At   -10 : After 5 points 
2.751968, -1.841004, -1.423000 
2.587149, -4.661517, -1.423000 
-3.243353, -4.627656, -1.423000 
-3.213432, 1.248173, -1.423000 
2.748778, 0.958244, -1.423000 
#OKS At    -5 : After 5 points 
2.753280, -1.838821, -1.418000 
2.588333, -4.661524, -1.418000 
-3.243353, -4.627656, -1.418000 
-3.210391, 1.845325, -1.418000 
2.749411, 1.555512, -1.418000 
#OKS At     0 : After 5 points 
2.754592, -1.836639, -1.413000 
2.589517, -4.661531, -1.413000 
-3.243353, -4.627656, -1.413000 
-3.207350, 2.442476, -1.413000 
2.750045, 2.152780, -1.413000 
#OKS At   100 : After 5 points 
2.780830, -1.792992, -1.313000 
2.613197, -4.661668, -1.313000 
-3.243353, -4.627656, -1.313000 
-3.191616, 5.532248, -1.313000 
2.772503, 5.514217, -1.313000 
#OKS At   200 : After 5 points 
2.807069, -1.749345, -1.213000 
2.636878, -4.661806, -1.213000 
-3.243353, -4.627656, -1.213000 
-3.191623, 5.530881, -1.213000 
2.798793, 5.512770, -1.213000 
#OKS At   300 : After 5 points 
2.833308, -1.705699, -1.113000 
2.660558, -4.661943, -1.113000 
-3.243353, -4.627656, -1.113000 
-3.191630, 5.529513, -1.113000 
2.825083, 5.511323, -1.113000 
#OKS At   400 : After 5 points 
2.859546, -1.662052, -1.013000 
2.684238, -4.662081, -1.013000 
-3.243353, -4.627656, -1.013000 
-3.191637, 5.528146, -1.013000 
2.851373, 5.509876, -1.013000 
#OKS At   500 : After 5 points 
2.885785, -1.618405, -0.913000 
2.707918, -4.662218, -0.913000 
-3.243353, -4.627656, -0.913000 
-3.191644, 5.526778, -0.913000 
2.877663, 5.508429, -0.913000 
#OKS At   600 : After 5 points 
2.912024, -1.574758, -0.813000 
2.731598, -4.662356, -0.813000 
-3.243353, -4.627656, -0.813000 
-3.191651, 5.525411, -0.813000 
2.903953, 5.506982, -0.813000 
#OKS At   700 : After 5 points 
2.938262, -1.531112, -0.713000 
2.755278, -4.662493, -0.713000 
-3.243353, -4.627656, -0.713000 
-3.191658, 5.524043, -0.713000 
2.930243, 5.505535, -0.713000 
#OKS At   800 : After 6 points 
2.950026, -1.735168, -0.613000 
2.960926, 1.649698, -0.613000 
2.956533, 5.504088, -0.613000 
-3.191665, 5.522676, -0.613000 
-3.243353, -4.627656, -0.613000 
2.778958, -4.662631, -0.613000 
#OKS At   900 : After 5 points 
2.948422, -2.167985, -0.513000 
2.973122, 5.502671, -0.513000 
-3.191671, 5.521308, -0.513000 
-3.243353, -4.627656, -0.513000 
2.802638, -4.662768, -0.513000 
#OKS At  1000 : After 5 points 
2.946819, -2.600803, -0.413000 
2.972908, 5.501304, -0.413000 
-3.191678, 5.519941, -0.413000 
-3.243353, -4.627656, -0.413000 
2.826318, -4.662906, -0.413000 
#OKS At  1100 : After 5 points 
2.945215, -3.033620, -0.313000 
2.972693, 5.499937, -0.313000 
-3.191685, 5.518574, -0.313000 
-3.243353, -4.627656, -0.313000 
2.849998, -4.663043, -0.313000 
#OKS At  1200 : After 5 points 
2.943611, -3.466438, -0.213000 
2.972479, 5.498570, -0.213000 
-3.191692, 5.517206, -0.213000 
-3.243353, -4.627656, -0.213000 
2.873678, -4.663181, -0.213000 
#OKS At  1300 : After 5 points 
2.942007, -3.899256, -0.113000 
2.972264, 5.497204, -0.113000 
-3.191699, 5.515839, -0.113000 
-3.243353, -4.627656, -0.113000 
2.897359, -4.663318, -0.113000 
#OKS At  1400 : After 5 points 
2.940403, -4.332073, -0.013000 
2.972050, 5.495837, -0.013000 
-3.191706, 5.514471, -0.013000 
-3.243353, -4.627656, -0.013000 
2.921039, -4.663456, -0.013000 
#OKS At  1500 : After 4 points 
2.939126, -4.663561, 0.087000 
2.971835, 5.494470, 0.087000 
-3.191713, 5.513104, 0.087000 
-3.243353, -4.627656, 0.087000 
#OKS At  1600 : After 4 points 
2.938915, -4.663560, 0.187000 
2.971620, 5.493103, 0.187000 
-3.191720, 5.511736, 0.187000 
-3.243353, -4.627656, 0.187000 
#OKS At  1700 : After 4 points 
2.938705, -4.663559, 0.287000 
2.971406, 5.491736, 0.287000 
-3.191727, 5.510369, 0.287000 
-3.243353, -4.627656, 0.287000 
#OKS At  1800 : After 4 points 
2.938495, -4.663557, 0.387000 
2.971191, 5.490369, 0.387000 
-3.191734, 5.509002, 0.387000 
-3.243353, -4.627656, 0.387000 
#OKS At  1900 : After 4 points 
2.938285, -4.663556, 0.487000 
2.970977, 5.489003, 0.487000 
-3.191741, 5.507634, 0.487000 
-3.243353, -4.627656, 0.487000 
#OKS At  2000 : After 4 points 
2.938075, -4.663555, 0.587000 
2.970762, 5.487636, 0.587000 
-3.191748, 5.506267, 0.587000 
-3.243353, -4.627656, 0.587000 
#OKS At  2100 : After 4 points 
2.937865, -4.663554, 0.687000 
2.970548, 5.486269, 0.687000 
-3.191755, 5.504899, 0.687000 
-3.243353, -4.627656, 0.687000 
#OKS At  2200 : After 4 points 
2.937655, -4.663552, 0.787000 
2.970333, 5.484902, 0.787000 
-3.191762, 5.503532, 0.787000 
-3.243353, -4.627656, 0.787000 
#OKS At  2300 : After 4 points 
2.937445, -4.663551, 0.887000 
2.970119, 5.483535, 0.887000 
-3.191769, 5.502164, 0.887000 
-3.243353, -4.627656, 0.887000 
#OKS At  2400 : After 4 points 
2.937234, -4.663550, 0.987000 
2.969904, 5.482169, 0.987000 
-3.191776, 5.500797, 0.987000 
-3.243353, -4.627656, 0.987000 
#OKS At  2500 : After 4 points 
2.937024, -4.663549, 1.087000 
2.969690, 5.480802, 1.087000 
-3.191783, 5.499430, 1.087000 
-3.243353, -4.627656, 1.087000 
#OKS At  2600 : After 4 points 
2.936814, -4.663548, 1.187000 
2.969475, 5.479435, 1.187000 
-3.191790, 5.498062, 1.187000 
-3.243353, -4.627656, 1.187000 
#OKS At  2700 : After 4 points 
2.936604, -4.663546, 1.287000 
2.969261, 5.478068, 1.287000 
-3.191797, 5.496695, 1.287000 
-3.243353, -4.627656, 1.287000 
#OKS At  2800 : After 4 points 
2.936394, -4.663545, 1.387000 
2.969046, 5.476701, 1.387000 
-3.191804, 5.495327, 1.387000 
-3.243353, -4.627656, 1.387000 
#OKS At  2900 : After 4 points 
2.936184, -4.663544, 1.487000 
2.968831, 5.475335, 1.487000 
-3.191811, 5.493960, 1.487000 
-3.243353, -4.627656, 1.487000 
#OKS At  3000 : After 4 points 
2.935974, -4.663543, 1.587000 
2.968617, 5.473968, 1.587000 
-3.191818, 5.492592, 1.587000 
-3.243353, -4.627656, 1.587000 
#OKS At  3100 : After 4 points 
2.935763, -4.663541, 1.687000 
2.968402, 5.472601, 1.687000 
-3.191825, 5.491225, 1.687000 
-3.243353, -4.627656, 1.687000 
#OKS At  3200 : After 4 points 
2.935553, -4.663540, 1.787000 
2.968188, 5.471234, 1.787000 
-3.191832, 5.489858, 1.787000 
-3.243353, -4.627656, 1.787000 
#OKS At  3300 : After 4 points 
2.935343, -4.663539, 1.887000 
2.967973, 5.469867, 1.887000 
-3.191839, 5.488490, 1.887000 
-3.243353, -4.627656, 1.887000 
#OKS At  3400 : After 4 points 
2.935133, -4.663538, 1.987000 
2.967759, 5.468501, 1.987000 
-3.191846, 5.487123, 1.987000 
-3.243353, -4.627656, 1.987000 
#OKS At  3500 : After 4 points 
2.934923, -4.663537, 2.087000 
2.967544, 5.467134, 2.087000 
-3.191853, 5.485755, 2.087000 
-3.243353, -4.627656, 2.087000 
#OKS At  3600 : After 4 points 
2.934713, -4.663535, 2.187000 
2.967330, 5.465767, 2.187000 
-3.191860, 5.484388, 2.187000 
-3.243353, -4.627656, 2.187000 
#OKS At  3700 : After 4 points 
2.934503, -4.663534, 2.287000 
2.967115, 5.464400, 2.287000 
-3.191866, 5.483020, 2.287000 
-3.243353, -4.627656, 2.287000 
#OKS At  3800 : After 4 points 
2.934293, -4.663533, 2.387000 
2.966901, 5.463033, 2.387000 
-3.191873, 5.481653, 2.387000 
-3.243353, -4.627656, 2.387000 
#OKS At  3900 : After 4 points 
2.934082, -4.663532, 2.487000 
2.966686, 5.461667, 2.487000 
-3.191880, 5.480285, 2.487000 
-3.243353, -4.627656, 2.487000 
#OKS At  4000 : After 4 points 
2.933872, -4.663531, 2.587000 
2.966472, 5.460300, 2.587000 
-3.191887, 5.478918, 2.587000 
-3.243353, -4.627656, 2.587000 
#OKS At  4100 : After 4 points 
2.933662, -4.663529, 2.687000 
2.966257, 5.458933, 2.687000 
-3.191894, 5.477551, 2.687000 
-3.243353, -4.627656, 2.687000 
#OKS At  4200 : After 4 points 
2.933452, -4.663528, 2.787000 
2.966042, 5.457566, 2.787000 
-3.191901, 5.476183, 2.787000 
-3.243353, -4.627656, 2.787000 
#OKS At  4300 : After 4 points 
2.933242, -4.663527, 2.887000 
2.965828, 5.456199, 2.887000 
-3.191908, 5.474816, 2.887000 
-3.243353, -4.627656, 2.887000 
#OKS At  4400 : After 4 points 
2.933032, -4.663526, 2.987000 
2.965613, 5.454833, 2.987000 
-3.191915, 5.473448, 2.987000 
-3.243353, -4.627656, 2.987000 
#OKS At  4500 : After 4 points 
2.932822, -4.663524, 3.087000 
2.965399, 5.453466, 3.087000 
-3.191922, 5.472081, 3.087000 
-3.243353, -4.627656, 3.087000 
#OKS At  4600 : After 4 points 
2.932611, -4.663523, 3.187000 
2.965184, 5.452099, 3.187000 
-3.191929, 5.470713, 3.187000 
-3.243353, -4.627656, 3.187000 
#OKS At  4700 : After 4 points 
2.932401, -4.663522, 3.287000 
2.964970, 5.450732, 3.287000 
-3.191936, 5.469346, 3.287000 
-3.243353, -4.627656, 3.287000 
#OKS At  4800 : After 4 points 
2.932191, -4.663521, 3.387000 
2.964755, 5.449365, 3.387000 
-3.191943, 5.467979, 3.387000 
-3.243353, -4.627656, 3.387000 
#OKS At  4900 : After 4 points 
2.931981, -4.663520, 3.487000 
2.964541, 5.447999, 3.487000 
-3.191950, 5.466611, 3.487000 
-3.243353, -4.627656, 3.487000 
#OKS At  5000 : After 4 points 
2.931771, -4.663518, 3.587000 
2.964326, 5.446632, 3.587000 
-3.191957, 5.465244, 3.587000 
-3.243353, -4.627656, 3.587000 
#OKS At  5100 : After 4 points 
2.931561, -4.663517, 3.687000 
2.964112, 5.445265, 3.687000 
-3.191964, 5.463876, 3.687000 
-3.243353, -4.627656, 3.687000 
#OKS At  5200 : After 4 points 
2.931351, -4.663516, 3.787000 
2.963897, 5.443898, 3.787000 
-3.191971, 5.462509, 3.787000 
-3.243353, -4.627656, 3.787000 
#OKS At  5300 : After 4 points 
2.931140, -4.663515, 3.887000 
2.963683, 5.442531, 3.887000 
-3.191978, 5.461141, 3.887000 
-3.243353, -4.627656, 3.887000 
#OKS At  5400 : After 4 points 
2.930930, -4.663513, 3.987000 
2.963468, 5.441164, 3.987000 
-3.191985, 5.459774, 3.987000 
-3.243353, -4.627656, 3.987000 
#OKS At  5500 : After 4 points 
2.930720, -4.663512, 4.087000 
2.963253, 5.439798, 4.087000 
-3.191992, 5.458407, 4.087000 
-3.243353, -4.627656, 4.087000 
#OKS At  5600 : After 4 points 
2.930510, -4.663511, 4.187000 
2.963039, 5.438431, 4.187000 
-3.191999, 5.457039, 4.187000 
-3.243353, -4.627656, 4.187000 
#OKS At  5700 : After 4 points 
2.930300, -4.663510, 4.287000 
2.962824, 5.437064, 4.287000 
-3.192006, 5.455672, 4.287000 
-3.243353, -4.627656, 4.287000 
#OKS At  5800 : After 4 points 
2.930090, -4.663509, 4.387000 
2.962610, 5.435697, 4.387000 
-3.192013, 5.454304, 4.387000 
-3.243353, -4.627656, 4.387000 
#OKS At  5900 : After 4 points 
2.929880, -4.663507, 4.487000 
2.962395, 5.434330, 4.487000 
-3.192020, 5.452937, 4.487000 
-3.243353, -4.627656, 4.487000 
#OKS At  6000 : After 4 points 
2.929670, -4.663506, 4.587000 
2.962181, 5.432964, 4.587000 
-3.192027, 5.451569, 4.587000 
-3.243353, -4.627656, 4.587000 
#OKS At  6100 : After 4 points 
2.929459, -4.663505, 4.687000 
2.961966, 5.431597, 4.687000 
-3.192034, 5.450202, 4.687000 
-3.243353, -4.627656, 4.687000 
#OKS At  6200 : After 4 points 
2.929249, -4.663504, 4.787000 
2.961752, 5.430230, 4.787000 
-3.192041, 5.448834, 4.787000 
-3.243353, -4.627656, 4.787000 
#OKS At  6300 : After 4 points 
2.929039, -4.663502, 4.887000 
2.961537, 5.428863, 4.887000 
-3.192048, 5.447467, 4.887000 
-3.243353, -4.627656, 4.887000 
#OKS At  6400 : After 4 points 
2.928829, -4.663501, 4.987000 
2.961323, 5.427496, 4.987000 
-3.192054, 5.446100, 4.987000 
-3.243353, -4.627656, 4.987000 
#OKS At  6500 : After 4 points 
2.928619, -4.663500, 5.087000 
2.961108, 5.426130, 5.087000 
-3.192061, 5.444732, 5.087000 
-3.243353, -4.627656, 5.087000 
#OKS At  6600 : After 4 points 
2.928409, -4.663499, 5.187000 
2.960894, 5.424763, 5.187000 
-3.192068, 5.443365, 5.187000 
-3.243353, -4.627656, 5.187000 
#OKS At  6700 : After 4 points 
2.928199, -4.663498, 5.287000 
2.960679, 5.423396, 5.287000 
-3.192075, 5.441997, 5.287000 
-3.243353, -4.627656, 5.287000 
#OKS At  6800 : After 4 points 
2.927988, -4.663496, 5.387000 
2.960464, 5.422029, 5.387000 
-3.192082, 5.440630, 5.387000 
-3.243353, -4.627656, 5.387000 
#OKS At  6900 : After 4 points 
2.927778, -4.663495, 5.487000 
2.960250, 5.420662, 5.487000 
-3.192089, 5.439262, 5.487000 
-3.243353, -4.627656, 5.487000 
#OKS At  7000 : After 4 points 
2.927568, -4.663494, 5.587000 
2.960035, 5.419296, 5.587000 
-3.192096, 5.437895, 5.587000 
-3.243353, -4.627656, 5.587000 
#OKS At  7100 : After 4 points 
2.927358, -4.663493, 5.687000 
2.959821, 5.417929, 5.687000 
-3.192103, 5.436528, 5.687000 
-3.243353, -4.627656, 5.687000 
#OKS At  7200 : After 4 points 
2.927148, -4.663491, 5.787000 
2.959606, 5.416562, 5.787000 
-3.192110, 5.435160, 5.787000 
-3.243353, -4.627656, 5.787000 
#OKS At  7300 : After 4 points 
2.926938, -4.663490, 5.887000 
2.959392, 5.415195, 5.887000 
-3.192117, 5.433793, 5.887000 
-3.243353, -4.627656, 5.887000 
#OKS At  7400 : After 4 points 
2.926728, -4.663489, 5.987000 
2.959177, 5.413828, 5.987000 
-3.192124, 5.432425, 5.987000 
-3.243353, -4.627656, 5.987000 
#OKS At  7500 : After 4 points 
2.926518, -4.663488, 6.087000 
2.958963, 5.412462, 6.087000 
-3.192131, 5.431058, 6.087000 
-3.243353, -4.627656, 6.087000 
#OKS At  7600 : After 4 points 
2.926307, -4.663487, 6.187000 
2.958748, 5.411095, 6.187000 
-3.192138, 5.429690, 6.187000 
-3.243353, -4.627656, 6.187000 
#OKS At  7700 : After 5 points 
2.937064, -1.257826, 6.287000 
2.920491, -4.663453, 6.287000 
-3.243353, -4.627656, 6.287000 
-3.192145, 5.428323, 6.287000 
2.958534, 5.409728, 6.287000 
#OKS At  7800 : After 4 points 
2.868955, -4.663154, 6.387000 
2.917965, 5.408483, 6.387000 
-3.192152, 5.426956, 6.387000 
-3.243353, -4.627656, 6.387000 
#OKS At  7900 : After 4 points 
2.817418, -4.662854, 6.487000 
2.866421, 5.407272, 6.487000 
-3.192159, 5.425588, 6.487000 
-3.243353, -4.627656, 6.487000 
#OKS At  8000 : After 4 points 
2.765882, -4.662555, 6.587000 
2.814877, 5.406060, 6.587000 
-3.192166, 5.424221, 6.587000 
-3.243353, -4.627656, 6.587000 
#OKS At  8100 : After 4 points 
2.714345, -4.662256, 6.687000 
2.763333, 5.404848, 6.687000 
-3.192173, 5.422853, 6.687000 
-3.243353, -4.627656, 6.687000 
#OKS At  8200 : After 4 points 
2.662809, -4.661956, 6.787000 
2.711789, 5.403637, 6.787000 
-3.192180, 5.421486, 6.787000 
-3.243353, -4.627656, 6.787000 
#OKS At  8300 : After 4 points 
2.611272, -4.661657, 6.887000 
2.660246, 5.402425, 6.887000 
-3.192187, 5.420118, 6.887000 
-3.243353, -4.627656, 6.887000 
#OKS At  8400 : After 4 points 
2.559735, -4.661358, 6.987000 
2.608702, 5.401213, 6.987000 
-3.192194, 5.418751, 6.987000 
-3.243353, -4.627656, 6.987000 
#OKS At  8500 : After 4 points 
2.508199, -4.661058, 7.087000 
2.557158, 5.400002, 7.087000 
-3.192201, 5.417384, 7.087000 
-3.243353, -4.627656, 7.087000 
#OKS At  8600 : After 4 points 
2.456662, -4.660759, 7.187000 
2.505614, 5.398790, 7.187000 
-3.192208, 5.416016, 7.187000 
-3.243353, -4.627656, 7.187000 
#OKS At  8700 : After 4 points 
2.405126, -4.660460, 7.287000 
2.454070, 5.397578, 7.287000 
-3.192215, 5.414649, 7.287000 
-3.243353, -4.627656, 7.287000 
#OKS At  8800 : After 4 points 
2.353589, -4.660160, 7.387000 
2.402526, 5.396367, 7.387000 
-3.192222, 5.413281, 7.387000 
-3.243353, -4.627656, 7.387000 
#OKS At  8900 : After 4 points 
2.302053, -4.659861, 7.487000 
2.350982, 5.395155, 7.487000 
-3.192229, 5.411914, 7.487000 
-3.243353, -4.627656, 7.487000 
#OKS At  9000 : After 4 points 
2.250516, -4.659562, 7.587000 
2.299438, 5.393944, 7.587000 
-3.192236, 5.410546, 7.587000 
-3.243353, -4.627656, 7.587000 
#OKS At  9100 : After 4 points 
2.198980, -4.659263, 7.687000 
2.247894, 5.392732, 7.687000 
-3.192243, 5.409179, 7.687000 
-3.243353, -4.627656, 7.687000 
#OKS At  9200 : After 4 points 
2.147443, -4.658963, 7.787000 
2.196350, 5.391520, 7.787000 
-3.192249, 5.407811, 7.787000 
-3.243353, -4.627656, 7.787000 
#OKS At  9300 : After 4 points 
2.144807, 5.390309, 7.887000 
2.144170, 5.259562, 7.887000 
-3.197716, 4.334378, 7.887000 
-3.192256, 5.406444, 7.887000 
