   Point ID     ,  Hz.(º ' "),  V.(º ' "),Slope Dist.(m),Refl.Ht.(m),Inst.Ht.(m),Easting(m),  Northing(m),  Height(m)
ADG             ,    0 00 00 ,   89 57 22,          0,      0.000,      0.000,            0,            0,          0
2               ,  171 37 48 ,   55 00 11,      2.709,      0.000,      0.000,        0.323,       -2.196,      1.554
3               ,  189 46 30 ,   54 17 09,      2.648,      0.000,      0.000,       -0.365,       -2.119,      1.546
4               ,  201 46 06 ,   55 02 36,      2.693,      0.000,      0.000,       -0.819,       -2.050,      1.543
5               ,  212 11 14 ,   56 50 58,      2.788,      0.000,      0.000,       -1.243,       -1.976,      1.525
6               ,  206 10 27 ,   62 26 25,      3.272,      0.000,      0.000,       -1.280,       -2.603,      1.514
7               ,  197 09 36 ,   61 41 58,      3.208,      0.000,      0.000,       -0.833,       -2.699,      1.521
8               ,  174 58 01 ,   61 29 56,      3.222,      0.000,      0.000,        0.248,       -2.820,      1.537
9               ,  187 19 25 ,   65 45 27,      3.671,      0.000,      0.000,       -0.427,       -3.320,      1.507
10              ,  185 37 34 ,   66 06 57,      3.724,      0.000,      0.000,       -0.334,       -3.389,      1.508
11              ,  219 21 09 ,   51 22 42,      2.634,      0.000,      0.000,       -1.305,       -1.591,      1.644
12              ,  217 47 23 ,   44 36 12,      2.903,      0.000,      0.000,       -1.249,       -1.611,      2.067
13              ,  199 18 35 ,   40 57 13,      2.724,      0.000,      0.000,       -0.590,       -1.685,      2.057
14              ,  199 18 37 ,   47 10 41,      2.417,      0.000,      0.000,       -0.586,       -1.673,      1.643
15              ,  175 38 55 ,   40 34 26,      2.717,      0.000,      0.000,        0.134,       -1.762,      2.064
16              ,  171 56 15 ,   46 36 08,      2.458,      0.000,      0.000,        0.250,       -1.768,      1.688
17              ,  173 20 54 ,   43 24 35,      2.586,      0.000,      0.000,        0.206,       -1.765,      1.879
18              ,  196 59 56 ,   43 23 05,      2.566,      0.000,      0.000,       -0.515,       -1.686,      1.865
19              ,  215 45 09 ,   47 21 29,      2.700,      0.000,      0.000,       -1.160,       -1.612,      1.829
20              ,  215 45 05 ,   40 08 48,      2.934,      0.000,      0.000,       -1.105,       -1.535,      2.243
21              ,  198 04 48 ,   37 37 22,      2.833,      0.000,      0.000,       -0.537,       -1.644,      2.244
22              ,  241 06 15 ,   36 44 02,      2.843,      0.000,      0.000,       -1.488,       -0.822,      2.278
23              ,  225 05 36 ,   22 26 39,      2.485,      0.000,      0.000,       -0.672,       -0.670,      2.297
24              ,  215 29 31 ,   27 52 08,      2.586,      0.000,      0.000,       -0.702,       -0.984,      2.286
25              ,  203 02 58 ,   18 19 26,      2.422,      0.000,      0.000,       -0.298,       -0.701,      2.299
26              ,  197 28 41 ,   24 58 51,      2.525,      0.000,      0.000,       -0.320,       -1.017,      2.289
27              ,  151 52 23 ,   21 49 55,      2.494,      0.000,      0.000,        0.437,       -0.818,      2.315
28              ,  153 42 37 ,   28 09 25,      2.616,      0.000,      0.000,        0.547,       -1.107,      2.306
29              ,  271 59 10 ,   28 02 36,      2.614,      0.000,      0.000,       -1.228,        0.043,      2.307
30              ,  265 32 55 ,   14 03 39,      2.370,      0.000,      0.000,       -0.574,       -0.045,      2.299
31              ,  220 18 57 ,   11 53 12,      2.350,      0.000,      0.000,       -0.313,       -0.369,      2.300
32              ,  106 58 11 ,   15 50 51,      2.402,      0.000,      0.000,        0.627,       -0.191,      2.310
33              ,   56 54 57 ,   21 13 50,      2.527,      0.000,      0.000,        0.767,        0.499,      2.355
34              ,  344 39 26 ,   14 24 00,      2.409,      0.000,      0.000,       -0.158,        0.578,      2.333
35              ,  317 03 24 ,    8 58 23,      2.343,      0.000,      0.000,       -0.249,        0.268,      2.315
36              ,  288 21 46 ,   26 02 54,      2.576,      0.000,      0.000,       -1.074,        0.356,      2.314
37              ,  291 49 04 ,   34 39 46,      2.814,      0.000,      0.000,       -1.486,        0.595,      2.314
38              ,  301 00 25 ,   37 25 05,      2.651,      0.000,      0.000,       -1.381,        0.830,      2.106
39              ,  301 00 41 ,   47 32 18,      2.361,      0.000,      0.000,       -1.493,        0.897,      1.594
40              ,  304 31 37 ,   67 42 13,      1.644,      0.000,      0.000,       -1.253,        0.862,      0.624
41              ,  309 16 26 ,   88 25 29,      1.303,      0.000,      0.000,       -1.008,        0.824,      0.036
42              ,  317 39 32 ,  120 27 48,      1.253,      0.000,      0.000,       -0.727,        0.798,     -0.635
43              ,  342 45 41 ,  144 41 38,      1.370,      0.000,      0.000,       -0.235,        0.756,     -1.118
44              ,   54 49 54 ,  135 14 10,      1.490,      0.000,      0.000,        0.858,        0.604,     -1.058
45              ,   54 38 45 ,   92 04 50,      1.034,      0.000,      0.000,        0.843,        0.598,     -0.038
46              ,   54 38 36 ,   61 35 31,      1.160,      0.000,      0.000,        0.832,        0.591,      0.552
47              ,   54 38 40 ,   23 50 05,      2.396,      0.000,      0.000,        0.790,        0.560,      2.192
48              ,  347 49 45 ,   17 27 13,      2.281,      0.000,      0.000,       -0.144,        0.669,      2.176
49              ,  347 49 47 ,   38 33 32,      1.151,      0.000,      0.000,       -0.151,        0.701,      0.900
50              ,  329 09 41 ,   95 14 47,      0.880,      0.000,      0.000,       -0.449,        0.752,     -0.080
51              ,   26 20 51 ,  140 05 45,      1.157,      0.000,      0.000,        0.329,        0.665,     -0.887
52              ,   60 11 38 ,  129 38 18,      1.365,      0.000,      0.000,        0.912,        0.522,     -0.871
53              ,   60 11 38 ,  102 45 42,      1.060,      0.000,      0.000,        0.897,        0.514,     -0.234
54              ,   60 11 49 ,   66 40 31,      1.100,      0.000,      0.000,        0.877,        0.502,      0.436
55              ,  108 50 48 ,   61 15 43,      0.956,      0.000,      0.000,        0.793,       -0.271,      0.460
56              ,  108 50 43 ,  103 51 46,      0.880,      0.000,      0.000,        0.808,       -0.276,     -0.211
57              ,  108 50 44 ,  134 41 49,      1.227,      0.000,      0.000,        0.825,       -0.282,     -0.863
58              ,  145 21 27 ,  129 17 16,      1.667,      0.000,      0.000,        0.734,       -1.062,     -1.056
59              ,  145 21 31 ,  106 37 36,      1.326,      0.000,      0.000,        0.722,       -1.045,     -0.379
60              ,  145 21 35 ,   73 34 15,      1.293,      0.000,      0.000,        0.705,       -1.021,      0.366
61              ,  149 35 36 ,   38 51 04,      2.096,      0.000,      0.000,        0.665,       -1.134,      1.632
62              ,  114 05 19 ,   22 50 54,      2.118,      0.000,      0.000,        0.751,       -0.336,      1.952
63              ,  114 05 20 ,   26 02 47,      1.884,      0.000,      0.000,        0.755,       -0.338,      1.693
64              ,   71 22 10 ,   24 12 31,      2.113,      0.000,      0.000,        0.821,        0.277,      1.927
65              ,  169 37 50 ,  107 04 12,      3.026,      0.000,      0.000,        0.521,       -2.845,     -0.888
66              ,  169 37 53 ,   97 47 13,      2.895,      0.000,      0.000,        0.516,       -2.822,     -0.392
67              ,  169 37 54 ,   89 15 17,      2.834,      0.000,      0.000,        0.510,       -2.788,      0.037
68              ,  170 00 00 ,   82 42 45,      2.894,      0.000,      0.000,        0.499,       -2.827,      0.367
69              ,  186 28 52 ,   68 08 38,      3.760,      0.000,      0.000,       -0.394,       -3.468,      1.400
70              ,  186 28 46 ,   75 25 42,      3.593,      0.000,      0.000,       -0.392,       -3.455,      0.904
71              ,  184 37 45 ,   86 04 12,      3.477,      0.000,      0.000,       -0.280,       -3.457,      0.238
72              ,  191 47 15 ,   73 45 23,      3.646,      0.000,      0.000,       -0.715,       -3.426,      1.020
73              ,  190 05 58 ,   69 15 50,      3.739,      0.000,      0.000,       -0.613,       -3.443,      1.324
74              ,  190 20 45 ,   76 52 24,      3.581,      0.000,      0.000,       -0.626,       -3.431,      0.813
75              ,  185 57 44 ,   83 47 59,      3.489,      0.000,      0.000,       -0.360,       -3.450,      0.377
76              ,  184 59 38 ,   76 52 14,      3.570,      0.000,      0.000,       -0.303,       -3.463,      0.811
77              ,   60 04 10 ,  142 02 30,      1.563,      0.000,      0.000,        0.833,        0.480,     -1.233
78              ,  336 08 32 ,  146 48 41,      1.484,      0.000,      0.000,       -0.329,        0.743,     -1.242
79              ,   20 23 55 ,  149 45 31,      1.430,      0.000,      0.000,        0.251,        0.675,     -1.235
80              ,  181 16 59 ,  142 48 14,      1.569,      0.000,      0.000,       -0.021,       -0.948,     -1.250
81              ,  168 59 34 ,  137 26 42,      1.679,      0.000,      0.000,        0.217,       -1.115,     -1.237
82              ,  148 13 26 ,  132 03 58,      1.853,      0.000,      0.000,        0.724,       -1.169,     -1.241
83              ,  135 34 38 ,  138 06 50,      1.654,      0.000,      0.000,        0.773,       -0.789,     -1.232
84              ,  109 47 32 ,  144 17 58,      1.517,      0.000,      0.000,        0.833,       -0.300,     -1.232
85              ,   77 18 38 ,  143 13 26,      1.516,      0.000,      0.000,        0.885,        0.199,     -1.214
86              ,  186 51 15 ,   99 44 25,      2.848,      0.000,      0.000,       -0.335,       -2.786,     -0.482
87              ,  191 14 38 ,  102 21 03,      2.314,      0.000,      0.000,       -0.441,       -2.217,     -0.495
88              ,  192 40 46 ,  103 13 19,      2.182,      0.000,      0.000,       -0.466,       -2.073,     -0.499
89              ,  186 57 01 ,  109 21 32,      2.225,      0.000,      0.000,       -0.254,       -2.084,     -0.738
90              ,  184 20 38 ,  111 59 15,      2.248,      0.000,      0.000,       -0.158,       -2.079,     -0.842
91              ,  193 07 34 ,   92 04 02,      2.810,      0.000,      0.000,       -0.638,       -2.734,     -0.101
92              ,  196 23 52 ,   86 34 49,      2.865,      0.000,      0.000,       -0.807,       -2.743,      0.171
93              ,  200 22 24 ,   79 57 15,      2.948,      0.000,      0.000,       -1.011,       -2.721,      0.514
94              ,  201 55 12 ,   79 30 33,      2.800,      0.000,      0.000,       -1.028,       -2.554,      0.510
95              ,  198 36 58 ,   85 45 49,      2.677,      0.000,      0.000,       -0.852,       -2.530,      0.198
96              ,  195 54 22 ,   90 32 01,      2.630,      0.000,      0.000,       -0.721,       -2.529,     -0.025
97              ,  208 04 21 ,   77 08 45,      2.423,      0.000,      0.000,       -1.111,       -2.084,      0.539
98              ,  205 18 13 ,   83 09 02,      2.297,      0.000,      0.000,       -0.975,       -2.062,      0.274
99              ,  201 40 11 ,   89 09 57,      2.265,      0.000,      0.000,       -0.836,       -2.105,      0.033
100             ,  214 30 31 ,   61 36 49,      2.945,      0.000,      0.000,       -1.468,       -2.135,      1.400
101             ,  209 46 43 ,   64 51 50,      3.146,      0.000,      0.000,       -1.415,       -2.472,      1.336
102             ,  215 51 36 ,   62 34 36,      2.751,      0.000,      0.000,       -1.431,       -1.979,      1.267
103             ,  208 22 20 ,   75 14 29,      2.515,      0.000,      0.000,       -1.156,       -2.140,      0.641
104             ,  200 58 05 ,   79 03 46,      2.953,      0.000,      0.000,       -1.037,       -2.707,      0.560
105             ,  202 23 37 ,   78 50 37,      2.805,      0.000,      0.000,       -1.048,       -2.544,      0.543
106             ,  207 20 19 ,   78 05 00,      2.423,      0.000,      0.000,       -1.089,       -2.106,      0.500
107             ,  189 13 05 ,  139 48 06,      1.467,      0.000,      0.000,       -0.152,       -0.935,     -1.121
108             ,  204 11 42 ,  129 26 38,      1.331,      0.000,      0.000,       -0.421,       -0.937,     -0.845
109             ,  214 24 11 ,  113 25 20,      1.300,      0.000,      0.000,       -0.674,       -0.984,     -0.517
110             ,  250 03 45 ,  121 22 28,      0.966,      0.000,      0.000,       -0.775,       -0.281,     -0.503
111             ,  238 08 38 ,  142 55 02,      1.024,      0.000,      0.000,       -0.525,       -0.326,     -0.817
112             ,  308 00 09 ,  115 46 23,      1.235,      0.000,      0.000,       -0.876,        0.685,     -0.537
113             ,  315 46 11 ,  132 03 00,      1.277,      0.000,      0.000,       -0.661,        0.679,     -0.855
114             ,  324 42 52 ,  144 23 37,      1.350,      0.000,      0.000,       -0.454,        0.642,     -1.098
115             ,  222 47 51 ,  103 16 06,      1.265,      0.000,      0.000,       -0.836,       -0.903,     -0.290
116             ,  230 16 22 ,   86 14 45,      1.367,      0.000,      0.000,       -1.049,       -0.872,      0.090
117             ,  233 20 20 ,   71 32 30,      1.627,      0.000,      0.000,       -1.238,       -0.921,      0.515
118             ,  247 27 23 ,   69 19 37,      1.455,      0.000,      0.000,       -1.257,       -0.522,      0.514
119             ,  243 46 01 ,   88 47 39,      1.174,      0.000,      0.000,       -1.053,       -0.519,      0.025
120             ,  239 24 56 ,  104 50 34,      1.064,      0.000,      0.000,       -0.885,       -0.523,     -0.272
121             ,  263 09 22 ,   68 23 06,      1.379,      0.000,      0.000,       -1.273,       -0.153,      0.508
122             ,  263 09 20 ,   91 40 49,      1.076,      0.000,      0.000,       -1.068,       -0.128,     -0.032
123             ,  259 44 57 ,  110 57 19,      0.971,      0.000,      0.000,       -0.893,       -0.161,     -0.347
124             ,  302 00 58 ,   70 51 50,      1.609,      0.000,      0.000,       -1.289,        0.806,      0.527
125             ,  303 59 43 ,   91 03 05,      1.350,      0.000,      0.000,       -1.119,        0.754,     -0.025
126             ,  305 39 14 ,  105 43 52,      1.256,      0.000,      0.000,       -0.982,        0.705,     -0.341
127             ,  241 45 46 ,   41 37 19,      2.788,      0.000,      0.000,       -1.631,       -0.876,      2.084
128             ,  239 30 23 ,   51 29 51,      2.237,      0.000,      0.000,       -1.508,       -0.888,      1.392
129             ,  235 32 38 ,   67 47 01,      1.682,      0.000,      0.000,       -1.284,       -0.881,      0.636
130             ,  266 15 21 ,   36 01 34,      2.712,      0.000,      0.000,       -1.592,       -0.104,      2.193
131             ,  266 15 01 ,   43 49 28,      2.191,      0.000,      0.000,       -1.514,       -0.099,      1.581
132             ,  266 15 06 ,   46 56 12,      2.033,      0.000,      0.000,       -1.482,       -0.097,      1.388
133             ,  264 32 17 ,   64 07 24,      1.476,      0.000,      0.000,       -1.322,       -0.126,      0.644
134             ,  295 00 33 ,   38 34 10,      2.701,      0.000,      0.000,       -1.526,        0.712,      2.112
135             ,  295 00 39 ,   48 09 45,      2.172,      0.000,      0.000,       -1.466,        0.684,      1.449
136             ,  302 20 38 ,   66 13 28,      1.718,      0.000,      0.000,       -1.328,        0.841,      0.693
137             ,    4 15 56 ,  135 58 32,      1.709,      0.000,      0.000,        0.088,        1.185,     -1.229
138             ,  349 47 37 ,  108 14 34,      2.809,      0.000,      0.000,       -0.473,        2.625,     -0.879
139             ,    4 01 29 ,  103 57 35,      3.809,      0.000,      0.000,        0.259,        3.687,     -0.919
140             ,   34 10 28 ,  108 48 42,      1.615,      0.000,      0.000,        0.858,        1.264,     -0.521
