Point ID     ,  Hz.(º ' "),  V.(º ' "),Slope Dist.(m),Refl.Ht.(m),Inst.Ht.(m),Easting(m),  Northing(m),  Height(m)
 7777            ,    0 00 03 ,   88 19 34,          0,      0.000,      1.400,            0,            0,          0
2   ,  236 06 23 ,  119 35 54,      2.876,      0.000,      0.000,  -0.36000,	   0.76801,	  -1.22475
3   ,  236 06 23 ,  119 35 54,      2.876,      0.000,      0.000,   0.40214,	  -3.49611,	  -1.18116
4   ,  236 06 23 ,  119 35 54,      2.876,      0.000,      0.000,   0.45700,	  -3.50177,	  -1.18157
5   ,  236 06 23 ,  119 35 54,      2.876,      0.000,      0.000,   0.93020,	   0.59826,	  -1.23393
6   ,  236 06 23 ,  119 35 54,      2.876,      0.000,      0.000,  -0.36000,	   0.76801,	  -1.22475
7   ,  236 06 23 ,  119 35 54,      2.876,      0.000,      0.000,  -1.38407,	  -1.52472,	   1.62303
8   ,  236 06 23 ,  119 35 54,      2.876,      0.000,      0.000,  -1.29812,	  -3.32082,	   1.60135
9   ,  236 06 23 ,  119 35 54,      2.876,      0.000,      0.000,   0.45700,	  -3.50177,	   1.59034
10   ,  236 06 23 ,  119 35 54,      2.876,      0.000,      0.000,   0.65889,	  -1.75253,	   1.61001
11   ,  236 06 23 ,  119 35 54,      2.876,      0.000,      0.000,  -1.38407,	  -1.52472,	   1.62303
12   ,  236 06 23 ,  119 35 54,      2.876,      0.000,      0.000,  -1.57398,	  -1.50899,	   2.33242
13   ,  236 06 23 ,  119 35 54,      2.876,      0.000,      0.000,  -1.38407,	  -1.52472,	   1.62303
14   ,  236 06 23 ,  119 35 54,      2.876,      0.000,      0.000,   0.65889,	  -1.75253,	   1.61001
15   ,  236 06 23 ,  119 35 54,      2.876,      0.000,      0.000,   0.65827,	  -1.75787,	   2.31240
16   ,  236 06 23 ,  119 35 54,      2.876,      0.000,      0.000,  -1.57398,	  -1.50899,	   2.33242
17   ,  236 06 23 ,  119 35 54,      2.876,      0.000,      0.000,  -1.69320,	   0.95549,	   2.36698
18   ,  236 06 23 ,  119 35 54,      2.876,      0.000,      0.000,  -1.57398,	  -1.50899,	   2.33242
19   ,  236 06 23 ,  119 35 54,      2.876,      0.000,      0.000,   0.65827,	  -1.75787,	   2.31240
20   ,  236 06 23 ,  119 35 54,      2.876,      0.000,      0.000,   0.93157,	   0.61013,	   2.34272
21   ,  236 06 23 ,  119 35 54,      2.876,      0.000,      0.000,  -1.69320,	   0.95549,	   2.36698
22   ,  236 06 23 ,  119 35 54,      2.876,      0.000,      0.000,  -0.36000,	   0.76801,	  -1.22475
23   ,  236 06 23 ,  119 35 54,      2.876,      0.000,      0.000,   0.93020,	   0.59826,	  -1.23393
24   ,  236 06 23 ,  119 35 54,      2.876,      0.000,      0.000,   0.93157,	   0.61013,	   2.34272
25   ,  236 06 23 ,  119 35 54,      2.876,      0.000,      0.000,  -1.69320,	   0.95549,	   2.36698
26   ,  236 06 23 ,  119 35 54,      2.876,      0.000,      0.000,  -0.96171,	   0.85008,	  -0.35793
27   ,  236 06 23 ,  119 35 54,      2.876,      0.000,      0.000,  -0.83052,	   0.83192,	  -0.62713
28   ,  236 06 23 ,  119 35 54,      2.876,      0.000,      0.000,  -0.36000,	   0.76801,	  -1.22475
29   ,  236 06 23 ,  119 35 54,      2.876,      0.000,      0.000,   0.93020,	   0.59826,	  -1.23393
30   ,  236 06 23 ,  119 35 54,      2.876,      0.000,      0.000,   0.45700,	  -3.50177,	  -1.18157
31   ,  236 06 23 ,  119 35 54,      2.876,      0.000,      0.000,   0.45700,	  -3.50177,	   1.59034
32   ,  236 06 23 ,  119 35 54,      2.876,      0.000,      0.000,   0.65889,	  -1.75253,	   1.61001
33   ,  236 06 23 ,  119 35 54,      2.876,      0.000,      0.000,   0.65827,	  -1.75787,	   2.31240
34   ,  236 06 23 ,  119 35 54,      2.876,      0.000,      0.000,   0.93157,	   0.61013,	   2.34272
35   ,  236 06 23 ,  119 35 54,      2.876,      0.000,      0.000,   0.93020,	   0.59826,	  -1.23393
36   ,  236 06 23 ,  119 35 54,      2.876,      0.000,      0.000,   0.40214,	  -3.49611,	  -1.18116
37   ,  236 06 23 ,  119 35 54,      2.876,      0.000,      0.000,   0.45700,	  -3.50177,	  -1.18157
38   ,  236 06 23 ,  119 35 54,      2.876,      0.000,      0.000,   0.45700,	  -3.50177,	   1.59034
39   ,  236 06 23 ,  119 35 54,      2.876,      0.000,      0.000,  -1.29812,	  -3.32082,	   1.60135
40   ,  236 06 23 ,  119 35 54,      2.876,      0.000,      0.000,  -1.23699,	  -3.32712,	   1.37321
41   ,  236 06 23 ,  119 35 54,      2.876,      0.000,      0.000,  -0.65073,	  -3.38756,	   0.16450
42   ,  236 06 23 ,  119 35 54,      2.876,      0.000,      0.000,   0.40214,	  -3.49611,	  -1.18116
43   ,  236 06 23 ,  119 35 54,      2.876,      0.000,      0.000,  -0.36000,	   0.76801,	  -1.22475
44   ,  236 06 23 ,  119 35 54,      2.876,      0.000,      0.000,   0.40214,	  -3.49611,	  -1.18116
45   ,  236 06 23 ,  119 35 54,      2.876,      0.000,      0.000,  -0.65073,	  -3.38756,	   0.16450
46   ,  236 06 23 ,  119 35 54,      2.876,      0.000,      0.000,  -0.83052,	   0.83192,	  -0.62713
47   ,  236 06 23 ,  119 35 54,      2.876,      0.000,      0.000,  -0.36000,	   0.76801,	  -1.22475
48   ,  236 06 23 ,  119 35 54,      2.876,      0.000,      0.000,  -0.83052,	   0.83192,	  -0.62713
49   ,  236 06 23 ,  119 35 54,      2.876,      0.000,      0.000,  -0.65073,	  -3.38756,	   0.16450
50   ,  236 06 23 ,  119 35 54,      2.876,      0.000,      0.000,  -1.23699,	  -3.32712,	   1.37321
51   ,  236 06 23 ,  119 35 54,      2.876,      0.000,      0.000,  -0.96171,	   0.85008,	  -0.35793
52   ,  236 06 23 ,  119 35 54,      2.876,      0.000,      0.000,  -0.83052,	   0.83192,	  -0.62713
53   ,  236 06 23 ,  119 35 54,      2.876,      0.000,      0.000,  -0.96171,	   0.85008,	  -0.35793
54   ,  236 06 23 ,  119 35 54,      2.876,      0.000,      0.000,  -1.23699,	  -3.32712,	   1.37321
55   ,  236 06 23 ,  119 35 54,      2.876,      0.000,      0.000,  -1.29812,	  -3.32082,	   1.60135
56   ,  236 06 23 ,  119 35 54,      2.876,      0.000,      0.000,  -1.38407,	  -1.52472,	   1.62303
57   ,  236 06 23 ,  119 35 54,      2.876,      0.000,      0.000,  -1.57398,	  -1.50899,	   2.33242
58   ,  236 06 23 ,  119 35 54,      2.876,      0.000,      0.000,  -1.69320,	   0.95549,	   2.36698
59   ,  236 06 23 ,  119 35 54,      2.876,      0.000,      0.000,  -0.96171,	   0.85008,	  -0.35793
