CHECKING DISTANT FROM POINTS TO AVERAGE PLANE TO REMOVE INCORRECT POINT. 

Distant of points(mm) belongs the plane 0 (9 points): 
11.94(85),  7.71(77),  6.68(81),  5.19(82),  3.37(80),  2.57(84),  1.38(79),  1.00(83),  0.60(78), 
Distant of points(mm) belongs the plane 1 (9 points): 
 6.50(5),  5.27(4),  2.32(7),  2.01(2),  1.72(9),  1.36(6),  1.32(3),  0.56(10),  0.51(8), 
Distant of points(mm) belongs the plane 2 (9 points): 
 2.00(13),  1.79(16),  1.65(15),  1.56(17),  1.34(19),  1.13(11),  0.98(12),  0.96(14),  0.04(18), 
Distant of points(mm) belongs the plane 3 (18 points): 
16.80(21), 15.66(32), 11.90(27), 11.32(20), 10.35(30),  9.89(28),  9.60(35),  8.56(23),  8.38(22),  7.74(24),  6.27(29),  5.68(33),  5.14(26),  5.04(25),  3.90(31),  2.72(34),  0.98(36),  0.76(37), 
Distant of points(mm) belongs the plane 4 (14 points): 
27.93(39), 15.29(38), 12.59(48),  9.89(46),  8.33(45),  8.17(40),  8.00(50),  7.94(42),  7.48(41),  6.48(51),  6.38(43),  3.25(49),  1.27(47),  0.93(44), 
Distant of points(mm) belongs the plane 5 (17 points): 
 4.78(57),  4.20(54),  3.35(65),  1.97(56),  1.70(60),  1.69(55),  1.33(52),  1.22(62),  1.15(68),  1.08(59),  0.89(53),  0.44(63),  0.38(58),  0.27(66),  0.22(64),  0.22(61),  0.12(67), 
Distant of points(mm) belongs the plane 6 (8 points): 
 1.99(70),  1.54(71),  1.45(69),  1.33(76),  0.48(73),  0.15(74),  0.05(72),  0.05(75), 
Distant of points(mm) belongs the plane 7 (13 points): 
31.94(112), 30.56(108), 27.03(109), 18.46(90), 10.72(86), 10.07(111),  8.78(89),  4.54(107),  3.77(88),  1.81(113),  1.61(87),  0.87(114),  0.45(110), 
Distant of points(mm) belongs the plane 8 (20 points): 
39.94(121), 39.61(91), 35.71(125), 30.86(116), 24.62(119), 23.33(96), 20.27(122), 17.80(115), 17.11(97), 15.83(118), 14.25(98), 12.17(92), 11.64(123), 11.20(117), 10.81(120), 10.67(93),  8.98(94),  8.49(126),  8.22(95),  5.10(99), 
Distant of points(mm) belongs the plane 9 (15 points): 
108.32(130), 79.71(104), 74.58(100), 70.64(105), 70.61(102), 70.50(133), 67.20(128), 54.79(101), 49.63(135), 36.07(106), 25.22(136), 12.96(132), 10.71(131), 10.49(127), 10.29(103), 
