CHECKING DISTANT FROM POINTS TO AVERAGE PLANE TO REMOVE INCORRECT POINT. 

Distant of points(mm) belongs the plane 0 (28 points): 
23.97(28), 15.23(32), 14.53(30),  9.47(14),  7.46(20),  7.39(27),  7.00(25),  6.14(15),  5.97(24),  5.12(26),  4.64(19),  4.44(17),  3.57(16),  3.51(21),  2.76(22),  2.35(13),  1.98(9),  1.98(23),  1.73(35),  1.58(18),  1.25(29),  1.14(33),  0.80(10),  0.78(7),  0.41(12),  0.25(8),  0.19(34),  0.13(11), 
Distant of points(mm) belongs the plane 1 (24 points): 
18.19(52),  7.06(43),  6.55(58),  6.50(61),  6.41(51),  5.87(57),  4.32(36),  4.11(48),  3.94(50),  3.50(54),  2.89(45),  2.71(55),  2.47(56),  2.06(47),  1.92(59),  1.68(44),  1.44(40),  1.06(39),  0.96(60),  0.89(49),  0.71(38),  0.53(37),  0.51(62),  0.19(46), 
Distant of points(mm) belongs the plane 2 (35 points): 
17.42(94), 13.63(89), 10.49(90),  9.40(83),  9.08(76),  8.12(78),  7.28(73),  7.19(88),  7.15(68),  6.97(65),  6.15(98),  5.69(92),  5.42(72),  5.37(95),  5.24(66),  5.04(64),  4.34(86),  3.91(69),  3.49(97),  3.44(84),  3.29(63),  2.75(70),  2.68(82),  2.47(87),  2.44(71),  1.71(77),  1.67(91),  1.44(96),  1.43(67),  1.28(93),  0.96(81),  0.61(74),  0.46(85),  0.19(80),  0.18(75), 
Distant of points(mm) belongs the plane 3 (28 points): 
 7.05(99),  6.17(116),  5.83(108),  4.47(123),  4.14(110),  4.05(118),  3.88(105),  3.80(115),  3.72(124),  3.69(122),  3.63(120),  3.43(125),  2.83(117),  2.74(107),  2.41(102),  2.36(113),  2.36(104),  2.10(111),  1.97(106),  1.92(119),  1.92(103),  1.91(109),  1.73(112),  1.41(121),  1.23(126),  1.20(100),  1.13(114),  0.39(101), 
Distant of points(mm) belongs the plane 4 (13 points): 
 7.38(137),  3.24(130),  2.91(140),  2.64(133),  2.52(136),  2.39(139),  2.35(132),  1.67(128),  1.58(135),  1.52(129),  1.49(131),  0.49(134),  0.37(138), 
Distant of points(mm) belongs the plane 5 (9 points): 
26.58(148), 24.88(141), 22.19(147), 19.61(142), 18.76(145), 13.65(144),  9.33(146),  6.38(143),  1.28(149), 
Distant of points(mm) belongs the plane 6 (9 points): 
25.90(151), 17.34(153), 17.18(154), 12.73(152), 12.63(155),  7.95(158),  7.18(157),  5.45(150),  4.31(159), 
Distant of points(mm) belongs the plane 7 (17 points): 
22.33(172), 19.68(165), 17.56(162), 11.49(171), 10.35(168),  9.54(177),  9.09(164),  8.60(169),  7.96(174),  7.57(176),  7.54(178),  7.22(166),  6.69(179),  3.78(175),  3.60(163),  2.77(167),  2.26(170), 
Distant of points(mm) belongs the plane 8 (8 points): 
24.79(186), 24.23(184), 19.12(183), 15.37(185),  9.17(182),  6.99(181),  1.34(180),  0.78(187), 
