#OKS At   -40 : After 3 points 
2.384763, -4.457145, -1.455000 
2.362143, -4.394358, -1.455000 
2.034203, -4.460831, -1.455000 
#OKS At   -35 : After 4 points 
2.389784, -4.457092, -1.450000 
2.015252, -3.417539, -1.450000 
-2.972513, -4.428546, -1.450000 
-2.971451, -4.513463, -1.450000 
#OKS At   -30 : After 4 points 
2.394804, -4.457039, -1.445000 
1.668362, -2.440720, -1.445000 
-2.985570, -3.384059, -1.445000 
-2.971451, -4.513463, -1.445000 
#OKS At   -25 : After 4 points 
2.399824, -4.456986, -1.440000 
1.321472, -1.463901, -1.440000 
-2.998628, -2.339573, -1.440000 
-2.971451, -4.513463, -1.440000 
#OKS At   -20 : After 4 points 
2.404844, -4.456934, -1.435000 
0.974582, -0.487082, -1.435000 
-3.011685, -1.295086, -1.435000 
-2.971451, -4.513463, -1.435000 
#OKS At   -15 : After 4 points 
2.409864, -4.456881, -1.430000 
0.627692, 0.489737, -1.430000 
-3.024743, -0.250599, -1.430000 
-2.971451, -4.513463, -1.430000 
#OKS At   -10 : After 4 points 
2.414884, -4.456828, -1.425000 
0.280801, 1.466556, -1.425000 
-3.037800, 0.793888, -1.425000 
-2.971451, -4.513463, -1.425000 
#OKS At    -5 : After 4 points 
2.419904, -4.456775, -1.420000 
-0.066089, 2.443374, -1.420000 
-3.050858, 1.838375, -1.420000 
-2.971451, -4.513463, -1.420000 
#OKS At     0 : After 4 points 
2.424924, -4.456723, -1.415000 
-0.412979, 3.420193, -1.415000 
-3.063915, 2.882861, -1.415000 
-2.971451, -4.513463, -1.415000 
#OKS At   100 : After 4 points 
2.525327, -4.455667, -1.315000 
-2.551425, 9.635423, -1.315000 
-3.148299, 9.632794, -1.315000 
-2.971451, -4.513463, -1.315000 
#OKS At   200 : After 4 points 
2.625730, -4.454611, -1.215000 
-2.437934, 9.600152, -1.215000 
-3.147852, 9.597026, -1.215000 
-2.971451, -4.513463, -1.215000 
#OKS At   300 : After 4 points 
2.726133, -4.453555, -1.115000 
-2.324444, 9.564881, -1.115000 
-3.147405, 9.561257, -1.115000 
-2.971451, -4.513463, -1.115000 
#OKS At   400 : After 5 points 
2.795090, -4.365220, -1.015000 
2.808938, -4.452685, -1.015000 
-2.971451, -4.513463, -1.015000 
-3.146958, 9.525488, -1.015000 
-2.210953, 9.529610, -1.015000 
#OKS At   500 : After 5 points 
2.758466, -3.983831, -0.915000 
2.832661, -4.452435, -0.915000 
-2.971451, -4.513463, -0.915000 
-3.146510, 9.489719, -0.915000 
-2.097463, 9.494339, -0.915000 
#OKS At   600 : After 5 points 
2.721842, -3.602443, -0.815000 
2.856383, -4.452186, -0.815000 
-2.971451, -4.513463, -0.815000 
-3.146063, 9.453950, -0.815000 
-1.983972, 9.459068, -0.815000 
#OKS At   700 : After 5 points 
2.685218, -3.221054, -0.715000 
2.880105, -4.451936, -0.715000 
-2.971451, -4.513463, -0.715000 
-3.145616, 9.418182, -0.715000 
-1.870482, 9.423797, -0.715000 
#OKS At   800 : After 5 points 
2.648594, -2.839665, -0.615000 
2.903828, -4.451687, -0.615000 
-2.971451, -4.513463, -0.615000 
-3.145169, 9.382413, -0.615000 
-1.756991, 9.388526, -0.615000 
#OKS At   900 : After 5 points 
2.611970, -2.458276, -0.515000 
2.927550, -4.451438, -0.515000 
-2.971451, -4.513463, -0.515000 
-3.144722, 9.346644, -0.515000 
-1.643501, 9.353255, -0.515000 
#OKS At  1000 : After 5 points 
2.575345, -2.076887, -0.415000 
2.951272, -4.451188, -0.415000 
-2.971451, -4.513463, -0.415000 
-3.144275, 9.310875, -0.415000 
-1.530010, 9.317984, -0.415000 
#OKS At  1100 : After 5 points 
2.538721, -1.695499, -0.315000 
2.974995, -4.450939, -0.315000 
-2.971451, -4.513463, -0.315000 
-3.143827, 9.275107, -0.315000 
-1.416520, 9.282713, -0.315000 
#OKS At  1200 : After 5 points 
2.502097, -1.314110, -0.215000 
2.998717, -4.450689, -0.215000 
-2.971451, -4.513463, -0.215000 
-3.143380, 9.239338, -0.215000 
-1.303029, 9.247442, -0.215000 
#OKS At  1300 : After 5 points 
2.465473, -0.932721, -0.115000 
3.022439, -4.450440, -0.115000 
-2.971451, -4.513463, -0.115000 
-3.142933, 9.203569, -0.115000 
-1.189539, 9.212171, -0.115000 
#OKS At  1400 : After 5 points 
2.428849, -0.551332, -0.015000 
3.046162, -4.450191, -0.015000 
-2.971451, -4.513463, -0.015000 
-3.142486, 9.167800, -0.015000 
-1.076048, 9.176900, -0.015000 
#OKS At  1500 : After 5 points 
2.392225, -0.169943, 0.085000 
3.069884, -4.449941, 0.085000 
-2.971451, -4.513463, 0.085000 
-3.142039, 9.132031, 0.085000 
-0.962558, 9.141629, 0.085000 
#OKS At  1600 : After 5 points 
2.355601, 0.211445, 0.185000 
3.093606, -4.449692, 0.185000 
-2.971451, -4.513463, 0.185000 
-3.141592, 9.096263, 0.185000 
-0.849067, 9.106358, 0.185000 
#OKS At  1700 : After 6 points 
-0.622035, 8.755938, 0.285000 
-0.773958, 9.070918, 0.285000 
-3.141144, 9.060494, 0.285000 
-2.971451, -4.513463, 0.285000 
3.117328, -4.449442, 0.285000 
2.318977, 0.592834, 0.285000 
#OKS At  1800 : After 6 points 
-0.296888, 8.133192, 0.385000 
-0.732015, 9.035331, 0.385000 
-3.140697, 9.024725, 0.385000 
-2.971451, -4.513463, 0.385000 
3.141051, -4.449193, 0.385000 
2.282353, 0.974223, 0.385000 
#OKS At  1900 : After 7 points 
3.151952, -4.367968, 0.485000 
3.152775, -4.449070, 0.485000 
-2.971451, -4.513463, 0.485000 
-3.140250, 8.988956, 0.485000 
-0.690071, 8.999745, 0.485000 
0.028259, 7.510446, 0.485000 
2.245729, 1.355612, 0.485000 
#OKS At  2000 : After 7 points 
3.150433, -4.208299, 0.585000 
3.152876, -4.449068, 0.585000 
-2.971451, -4.513463, 0.585000 
-3.139803, 8.953188, 0.585000 
-0.648128, 8.964159, 0.585000 
0.353405, 6.887700, 0.585000 
2.209104, 1.737000, 0.585000 
#OKS At  2100 : After 7 points 
3.148914, -4.048630, 0.685000 
3.152978, -4.449067, 0.685000 
-2.971451, -4.513463, 0.685000 
-3.139356, 8.917419, 0.685000 
-0.606184, 8.928573, 0.685000 
0.678552, 6.264954, 0.685000 
2.172480, 2.118389, 0.685000 
#OKS At  2200 : After 7 points 
3.147395, -3.888960, 0.785000 
3.153079, -4.449066, 0.785000 
-2.971451, -4.513463, 0.785000 
-3.138909, 8.881650, 0.785000 
-0.564241, 8.892987, 0.785000 
1.003698, 5.642208, 0.785000 
2.135856, 2.499778, 0.785000 
#OKS At  2300 : After 7 points 
3.145876, -3.729291, 0.885000 
3.153180, -4.449065, 0.885000 
-2.971451, -4.513463, 0.885000 
-3.138462, 8.845881, 0.885000 
-0.522298, 8.857401, 0.885000 
1.328845, 5.019462, 0.885000 
2.099232, 2.881167, 0.885000 
#OKS At  2400 : After 7 points 
3.144358, -3.569622, 0.985000 
3.153281, -4.449064, 0.985000 
-2.971451, -4.513463, 0.985000 
-3.138014, 8.810113, 0.985000 
-0.480354, 8.821815, 0.985000 
1.653992, 4.396716, 0.985000 
2.062608, 3.262556, 0.985000 
#OKS At  2500 : After 7 points 
3.142839, -3.409952, 1.085000 
3.153383, -4.449063, 1.085000 
-2.971451, -4.513463, 1.085000 
-3.137567, 8.774344, 1.085000 
-0.438411, 8.786229, 1.085000 
1.979138, 3.773970, 1.085000 
2.025984, 3.643944, 1.085000 
#OKS At  2600 : After 6 points 
3.141320, -3.250283, 1.185000 
3.153484, -4.449062, 1.185000 
-2.971451, -4.513463, 1.185000 
-3.137120, 8.738575, 1.185000 
-0.396468, 8.750643, 1.185000 
2.041575, 3.695804, 1.185000 
#OKS At  2700 : After 6 points 
3.139801, -3.090614, 1.285000 
3.153585, -4.449061, 1.285000 
-2.971451, -4.513463, 1.285000 
-3.136673, 8.702806, 1.285000 
-0.354524, 8.715057, 1.285000 
2.064934, 3.698647, 1.285000 
#OKS At  2800 : After 6 points 
3.138282, -2.930944, 1.385000 
3.153687, -4.449060, 1.385000 
-2.971451, -4.513463, 1.385000 
-3.136226, 8.667037, 1.385000 
-0.312581, 8.679471, 1.385000 
2.088293, 3.701489, 1.385000 
#OKS At  2900 : After 6 points 
3.136763, -2.771275, 1.485000 
3.153788, -4.449059, 1.485000 
-2.971451, -4.513463, 1.485000 
-3.135779, 8.631269, 1.485000 
-0.270638, 8.643885, 1.485000 
2.111651, 3.704331, 1.485000 
#OKS At  3000 : After 6 points 
3.135244, -2.611606, 1.585000 
3.153889, -4.449058, 1.585000 
-2.971451, -4.513463, 1.585000 
-3.135331, 8.595500, 1.585000 
-0.228694, 8.608299, 1.585000 
2.135010, 3.707173, 1.585000 
#OKS At  3100 : After 6 points 
3.133725, -2.451936, 1.685000 
3.153990, -4.449057, 1.685000 
-2.971451, -4.513463, 1.685000 
-3.134884, 8.559731, 1.685000 
-0.186751, 8.572713, 1.685000 
2.158369, 3.710015, 1.685000 
#OKS At  3200 : After 6 points 
3.132206, -2.292267, 1.785000 
3.154092, -4.449056, 1.785000 
-2.971451, -4.513463, 1.785000 
-3.134437, 8.523962, 1.785000 
-0.144807, 8.537127, 1.785000 
2.181727, 3.712857, 1.785000 
#OKS At  3300 : After 6 points 
3.130687, -2.132598, 1.885000 
3.154193, -4.449055, 1.885000 
-2.971451, -4.513463, 1.885000 
-3.133990, 8.488194, 1.885000 
-0.102864, 8.501541, 1.885000 
2.205086, 3.715699, 1.885000 
#OKS At  3400 : After 6 points 
3.129169, -1.972928, 1.985000 
3.154294, -4.449054, 1.985000 
-2.971451, -4.513463, 1.985000 
-3.133543, 8.452425, 1.985000 
-0.060921, 8.465955, 1.985000 
2.228445, 3.718541, 1.985000 
#OKS At  3500 : After 6 points 
3.127650, -1.813259, 2.085000 
3.154395, -4.449052, 2.085000 
-2.971451, -4.513463, 2.085000 
-3.133096, 8.416656, 2.085000 
-0.018977, 8.430369, 2.085000 
2.251803, 3.721384, 2.085000 
#OKS At  3600 : After 6 points 
3.126131, -1.653590, 2.185000 
3.154497, -4.449051, 2.185000 
-2.971451, -4.513463, 2.185000 
-3.132648, 8.380887, 2.185000 
0.022966, 8.394783, 2.185000 
2.275162, 3.724226, 2.185000 
#OKS At  3700 : After 6 points 
3.124612, -1.493921, 2.285000 
3.154598, -4.449050, 2.285000 
-2.971451, -4.513463, 2.285000 
-3.132201, 8.345118, 2.285000 
0.064909, 8.359197, 2.285000 
2.298520, 3.727068, 2.285000 
#OKS At  3800 : After 6 points 
3.123093, -1.334251, 2.385000 
3.154699, -4.449049, 2.385000 
-2.971451, -4.513463, 2.385000 
-3.131754, 8.309350, 2.385000 
0.106853, 8.323610, 2.385000 
2.321879, 3.729910, 2.385000 
#OKS At  3900 : After 6 points 
3.121574, -1.174582, 2.485000 
3.154801, -4.449048, 2.485000 
-2.971451, -4.513463, 2.485000 
-3.131307, 8.273581, 2.485000 
0.148796, 8.288024, 2.485000 
2.345238, 3.732752, 2.485000 
#OKS At  4000 : After 6 points 
3.120055, -1.014913, 2.585000 
3.154902, -4.449047, 2.585000 
-2.971451, -4.513463, 2.585000 
-3.130860, 8.237812, 2.585000 
0.190739, 8.252438, 2.585000 
2.368596, 3.735594, 2.585000 
#OKS At  4100 : After 6 points 
3.118536, -0.855243, 2.685000 
3.155003, -4.449046, 2.685000 
-2.971451, -4.513463, 2.685000 
-3.130413, 8.202043, 2.685000 
0.232683, 8.216852, 2.685000 
2.391955, 3.738436, 2.685000 
#OKS At  4200 : After 6 points 
3.117017, -0.695574, 2.785000 
3.155104, -4.449045, 2.785000 
-2.971451, -4.513463, 2.785000 
-3.129965, 8.166275, 2.785000 
0.274626, 8.181266, 2.785000 
2.415314, 3.741278, 2.785000 
#OKS At  4300 : After 6 points 
3.115498, -0.535905, 2.885000 
3.155206, -4.449044, 2.885000 
-2.971451, -4.513463, 2.885000 
-3.129518, 8.130506, 2.885000 
0.316570, 8.145680, 2.885000 
2.438672, 3.744120, 2.885000 
#OKS At  4400 : After 7 points 
3.114073, -0.385562, 2.985000 
3.155307, -4.449043, 2.985000 
-2.971451, -4.513463, 2.985000 
-3.129071, 8.094737, 2.985000 
0.358513, 8.110094, 2.985000 
2.462031, 3.746963, 2.985000 
3.109559, -0.348246, 2.985000 
#OKS At  4500 : After 7 points 
3.114177, -0.387372, 3.085000 
3.155408, -4.449042, 3.085000 
-2.971451, -4.513463, 3.085000 
-3.128624, 8.058968, 3.085000 
0.400456, 8.074508, 3.085000 
2.485390, 3.749805, 3.085000 
3.031495, 0.296030, 3.085000 
#OKS At  4600 : After 7 points 
3.114280, -0.389182, 3.185000 
3.155510, -4.449041, 3.185000 
-2.971451, -4.513463, 3.185000 
-3.128177, 8.023200, 3.185000 
0.442400, 8.038922, 3.185000 
2.508748, 3.752647, 3.185000 
2.953431, 0.940306, 3.185000 
#OKS At  4700 : After 7 points 
3.114383, -0.390992, 3.285000 
3.155611, -4.449040, 3.285000 
-2.971451, -4.513463, 3.285000 
-3.127730, 7.987431, 3.285000 
0.484343, 8.003336, 3.285000 
2.532107, 3.755489, 3.285000 
2.875367, 1.584583, 3.285000 
#OKS At  4800 : After 7 points 
3.114487, -0.392801, 3.385000 
3.155712, -4.449039, 3.385000 
-2.971451, -4.513463, 3.385000 
-3.127283, 7.951662, 3.385000 
0.526286, 7.967750, 3.385000 
2.555465, 3.758331, 3.385000 
2.797303, 2.228859, 3.385000 
#OKS At  4900 : After 7 points 
3.114590, -0.394611, 3.485000 
3.155813, -4.449038, 3.485000 
-2.971451, -4.513463, 3.485000 
-3.126835, 7.915893, 3.485000 
0.568230, 7.932164, 3.485000 
2.578824, 3.761173, 3.485000 
2.719239, 2.873135, 3.485000 
#OKS At  5000 : After 7 points 
3.114694, -0.396421, 3.585000 
3.155915, -4.449036, 3.585000 
-2.971451, -4.513463, 3.585000 
-3.126388, 7.880124, 3.585000 
0.610173, 7.896578, 3.585000 
2.602183, 3.764015, 3.585000 
2.641175, 3.517411, 3.585000 
#OKS At  5100 : After 7 points 
3.114797, -0.398231, 3.685000 
3.156016, -4.449035, 3.685000 
-2.971451, -4.513463, 3.685000 
-3.125941, 7.844356, 3.685000 
0.652116, 7.860992, 3.685000 
2.557152, 3.908817, 3.685000 
2.611798, 3.761280, 3.685000 
#OKS At  5200 : After 7 points 
3.114900, -0.400041, 3.785000 
3.156117, -4.449034, 3.785000 
-2.971451, -4.513463, 3.785000 
-3.125494, 7.808587, 3.785000 
0.694060, 7.825406, 3.785000 
2.469405, 4.142284, 3.785000 
2.612831, 3.755061, 3.785000 
#OKS At  5300 : After 7 points 
3.115004, -0.401851, 3.885000 
3.156218, -4.449033, 3.885000 
-2.971451, -4.513463, 3.885000 
-3.125047, 7.772818, 3.885000 
0.736003, 7.789820, 3.885000 
2.381659, 4.375752, 3.885000 
2.613863, 3.748842, 3.885000 
#OKS At  5400 : After 7 points 
3.115107, -0.403661, 3.985000 
3.156320, -4.449032, 3.985000 
-2.971451, -4.513463, 3.985000 
-3.124600, 7.737049, 3.985000 
0.777947, 7.754234, 3.985000 
2.293913, 4.609219, 3.985000 
2.614895, 3.742624, 3.985000 
#OKS At  5500 : After 7 points 
3.115210, -0.405470, 4.085000 
3.156421, -4.449031, 4.085000 
-2.971451, -4.513463, 4.085000 
-3.124152, 7.701281, 4.085000 
0.819890, 7.718648, 4.085000 
2.206166, 4.842686, 4.085000 
2.615927, 3.736405, 4.085000 
#OKS At  5600 : After 7 points 
3.115314, -0.407280, 4.185000 
3.156522, -4.449030, 4.185000 
-2.971451, -4.513463, 4.185000 
-3.123705, 7.665512, 4.185000 
0.861833, 7.683062, 4.185000 
2.118420, 5.076154, 4.185000 
2.616959, 3.730186, 4.185000 
#OKS At  5700 : After 7 points 
3.115417, -0.409090, 4.285000 
3.156624, -4.449029, 4.285000 
-2.971451, -4.513463, 4.285000 
-3.123258, 7.629743, 4.285000 
0.903777, 7.647476, 4.285000 
2.030674, 5.309621, 4.285000 
2.617991, 3.723967, 4.285000 
#OKS At  5800 : After 7 points 
3.115521, -0.410900, 4.385000 
3.156725, -4.449028, 4.385000 
-2.971451, -4.513463, 4.385000 
-3.122811, 7.593974, 4.385000 
0.945720, 7.611890, 4.385000 
1.942928, 5.543088, 4.385000 
2.619023, 3.717748, 4.385000 
#OKS At  5900 : After 7 points 
3.115624, -0.412710, 4.485000 
3.156826, -4.449027, 4.485000 
-2.971451, -4.513463, 4.485000 
-3.122364, 7.558205, 4.485000 
0.987663, 7.576303, 4.485000 
1.855181, 5.776556, 4.485000 
2.620055, 3.711529, 4.485000 
#OKS At  6000 : After 7 points 
3.115727, -0.414520, 4.585000 
3.156927, -4.449026, 4.585000 
-2.971451, -4.513463, 4.585000 
-3.121917, 7.522437, 4.585000 
1.029607, 7.540717, 4.585000 
1.767435, 6.010023, 4.585000 
2.621087, 3.705311, 4.585000 
#OKS At  6100 : After 7 points 
3.115831, -0.416330, 4.685000 
3.157029, -4.449025, 4.685000 
-2.971451, -4.513463, 4.685000 
-3.121469, 7.486668, 4.685000 
1.071550, 7.505131, 4.685000 
1.679689, 6.243490, 4.685000 
2.622119, 3.699092, 4.685000 
#OKS At  6200 : After 7 points 
3.115934, -0.418139, 4.785000 
3.157130, -4.449024, 4.785000 
-2.971451, -4.513463, 4.785000 
-3.121022, 7.450899, 4.785000 
1.113493, 7.469545, 4.785000 
1.591943, 6.476958, 4.785000 
2.623151, 3.692873, 4.785000 
#OKS At  6300 : After 7 points 
3.116038, -0.419949, 4.885000 
3.157231, -4.449023, 4.885000 
-2.971451, -4.513463, 4.885000 
-3.120575, 7.415130, 4.885000 
1.155437, 7.433959, 4.885000 
1.504196, 6.710425, 4.885000 
2.624183, 3.686654, 4.885000 
#OKS At  6400 : After 7 points 
3.116141, -0.421759, 4.985000 
3.157333, -4.449022, 4.985000 
-2.971451, -4.513463, 4.985000 
-3.120128, 7.379362, 4.985000 
1.197380, 7.398373, 4.985000 
1.416450, 6.943892, 4.985000 
2.625216, 3.680435, 4.985000 
#OKS At  6500 : After 7 points 
3.116244, -0.423569, 5.085000 
3.157434, -4.449021, 5.085000 
-2.971451, -4.513463, 5.085000 
-3.119681, 7.343593, 5.085000 
1.239324, 7.362787, 5.085000 
1.328704, 7.177360, 5.085000 
2.626248, 3.674217, 5.085000 
#OKS At  6600 : After 6 points 
3.116348, -0.425379, 5.185000 
3.157535, -4.449019, 5.185000 
-2.971451, -4.513463, 5.185000 
-3.119234, 7.307824, 5.185000 
1.272217, 7.327161, 5.185000 
2.627280, 3.667998, 5.185000 
#OKS At  6700 : After 6 points 
3.116451, -0.427189, 5.285000 
3.157636, -4.449018, 5.285000 
-2.971451, -4.513463, 5.285000 
-3.118787, 7.272055, 5.285000 
1.285042, 7.291447, 5.285000 
2.628312, 3.661779, 5.285000 
#OKS At  6800 : After 6 points 
3.116554, -0.428999, 5.385000 
3.157738, -4.449017, 5.385000 
-2.971451, -4.513463, 5.385000 
-3.118339, 7.236287, 5.385000 
1.297868, 7.255733, 5.385000 
2.629344, 3.655560, 5.385000 
#OKS At  6900 : After 6 points 
3.116658, -0.430808, 5.485000 
3.157839, -4.449016, 5.485000 
-2.971451, -4.513463, 5.485000 
-3.117892, 7.200518, 5.485000 
1.310693, 7.220018, 5.485000 
2.630376, 3.649341, 5.485000 
#OKS At  7000 : After 6 points 
3.116761, -0.432618, 5.585000 
3.157940, -4.449015, 5.585000 
-2.971451, -4.513463, 5.585000 
-3.117445, 7.164749, 5.585000 
1.323519, 7.184304, 5.585000 
2.631408, 3.643123, 5.585000 
#OKS At  7100 : After 6 points 
3.116865, -0.434428, 5.685000 
3.158041, -4.449014, 5.685000 
-2.971451, -4.513463, 5.685000 
-3.116998, 7.128980, 5.685000 
1.336345, 7.148590, 5.685000 
2.632440, 3.636904, 5.685000 
#OKS At  7200 : After 6 points 
3.116968, -0.436238, 5.785000 
3.158143, -4.449013, 5.785000 
-2.971451, -4.513463, 5.785000 
-3.116551, 7.093211, 5.785000 
1.349170, 7.112876, 5.785000 
2.633472, 3.630685, 5.785000 
#OKS At  7300 : After 6 points 
3.117071, -0.438048, 5.885000 
3.158244, -4.449012, 5.885000 
-2.971451, -4.513463, 5.885000 
-3.116104, 7.057443, 5.885000 
1.361996, 7.077161, 5.885000 
2.634504, 3.624466, 5.885000 
#OKS At  7400 : After 6 points 
3.117175, -0.439858, 5.985000 
3.158345, -4.449011, 5.985000 
-2.971451, -4.513463, 5.985000 
-3.115656, 7.021674, 5.985000 
1.374821, 7.041447, 5.985000 
2.635536, 3.618247, 5.985000 
#OKS At  7500 : After 6 points 
3.117278, -0.441668, 6.085000 
3.158447, -4.449010, 6.085000 
-2.971451, -4.513463, 6.085000 
-3.115209, 6.985905, 6.085000 
1.387647, 7.005733, 6.085000 
2.636569, 3.612029, 6.085000 
#OKS At  7600 : After 6 points 
3.117382, -0.443477, 6.185000 
3.158548, -4.449009, 6.185000 
-2.971451, -4.513463, 6.185000 
-3.114762, 6.950136, 6.185000 
1.400472, 6.970019, 6.185000 
2.637601, 3.605810, 6.185000 
#OKS At  7700 : After 6 points 
3.117485, -0.445287, 6.285000 
3.158649, -4.449008, 6.285000 
-2.971451, -4.513463, 6.285000 
-3.114315, 6.914368, 6.285000 
1.413298, 6.934304, 6.285000 
2.638633, 3.599591, 6.285000 
#OKS At  7800 : After 7 points 
3.078455, -0.443377, 6.385000 
3.114752, -4.449469, 6.385000 
-2.971451, -4.513463, 6.385000 
-3.113868, 6.878599, 6.385000 
1.426124, 6.898590, 6.385000 
1.939656, 5.500912, 6.385000 
2.596090, 3.595771, 6.385000 
#OKS At  7900 : After 6 points 
3.029589, -0.440532, 6.485000 
3.065950, -4.449982, 6.485000 
-2.971451, -4.513463, 6.485000 
-3.113421, 6.842830, 6.485000 
1.421749, 6.862800, 6.485000 
2.548490, 3.592230, 6.485000 
#OKS At  8000 : After 6 points 
2.980723, -0.437687, 6.585000 
3.017148, -4.450496, 6.585000 
-2.971451, -4.513463, 6.585000 
-3.112973, 6.807061, 6.585000 
1.385771, 6.826871, 6.585000 
2.500889, 3.588688, 6.585000 
#OKS At  8100 : After 6 points 
2.931856, -0.434841, 6.685000 
2.968346, -4.451009, 6.685000 
-2.971451, -4.513463, 6.685000 
-3.112526, 6.771292, 6.685000 
1.349794, 6.790942, 6.685000 
2.453289, 3.585147, 6.685000 
#OKS At  8200 : After 6 points 
2.882990, -0.431996, 6.785000 
2.919544, -4.451522, 6.785000 
-2.971451, -4.513463, 6.785000 
-3.112079, 6.735524, 6.785000 
1.313816, 6.755013, 6.785000 
2.405689, 3.581605, 6.785000 
#OKS At  8300 : After 6 points 
2.834124, -0.429151, 6.885000 
2.870742, -4.452035, 6.885000 
-2.971451, -4.513463, 6.885000 
-3.111632, 6.699755, 6.885000 
1.277839, 6.719083, 6.885000 
2.358089, 3.578064, 6.885000 
#OKS At  8400 : After 6 points 
2.785258, -0.426306, 6.985000 
2.821940, -4.452548, 6.985000 
-2.971451, -4.513463, 6.985000 
-3.111185, 6.663986, 6.985000 
1.241862, 6.683154, 6.985000 
2.310489, 3.574522, 6.985000 
#OKS At  8500 : After 6 points 
2.736391, -0.423460, 7.085000 
2.773139, -4.453061, 7.085000 
-2.971451, -4.513463, 7.085000 
-3.110738, 6.628217, 7.085000 
1.205884, 6.647225, 7.085000 
2.262889, 3.570981, 7.085000 
#OKS At  8600 : After 6 points 
2.687525, -0.420615, 7.185000 
2.724337, -4.453574, 7.185000 
-2.971451, -4.513463, 7.185000 
-3.110290, 6.592449, 7.185000 
1.169907, 6.611296, 7.185000 
2.215289, 3.567440, 7.185000 
#OKS At  8700 : After 6 points 
2.638659, -0.417770, 7.285000 
2.675535, -4.454087, 7.285000 
-2.971451, -4.513463, 7.285000 
-3.109843, 6.556680, 7.285000 
1.133929, 6.575367, 7.285000 
2.167688, 3.563898, 7.285000 
#OKS At  8800 : After 6 points 
2.589792, -0.414924, 7.385000 
2.626733, -4.454601, 7.385000 
-2.971451, -4.513463, 7.385000 
-3.109396, 6.520911, 7.385000 
1.097952, 6.539438, 7.385000 
2.120088, 3.560357, 7.385000 
#OKS At  8900 : After 6 points 
2.540926, -0.412079, 7.485000 
2.577931, -4.455114, 7.485000 
-2.971451, -4.513463, 7.485000 
-3.108949, 6.485142, 7.485000 
1.061975, 6.503508, 7.485000 
2.072488, 3.556815, 7.485000 
#OKS At  9000 : After 6 points 
2.492060, -0.409234, 7.585000 
2.529129, -4.455627, 7.585000 
-2.971451, -4.513463, 7.585000 
-3.108502, 6.449374, 7.585000 
1.025997, 6.467579, 7.585000 
2.024888, 3.553274, 7.585000 
#OKS At  9100 : After 6 points 
2.443193, -0.406389, 7.685000 
2.480327, -4.456140, 7.685000 
-2.971451, -4.513463, 7.685000 
-3.108055, 6.413605, 7.685000 
0.990020, 6.431650, 7.685000 
1.977288, 3.549732, 7.685000 
#OKS At  9200 : After 6 points 
2.394327, -0.403543, 7.785000 
2.431525, -4.456653, 7.785000 
-2.971451, -4.513463, 7.785000 
-3.107608, 6.377836, 7.785000 
0.954043, 6.395721, 7.785000 
1.929688, 3.546191, 7.785000 
#OKS At  9300 : After 5 points 
1.882088, 3.542649, 7.885000 
2.315172, -0.142826, 7.885000 
-3.017725, -0.811986, 7.885000 
-3.107160, 6.342067, 7.885000 
0.918065, 6.359792, 7.885000 
