CHECKING DISTANT FROM POINTS TO AVERAGE PLANE TO REMOVE INCORRECT POINT. 

Distant of points(mm) belongs the plane 0 (53 points): 
 6.77(442),  5.62(465),  5.41(480),  5.41(476),  4.91(441),  4.19(437),  4.06(475),  3.92(440),  3.74(466),  3.53(477),  3.37(479),  3.28(452),  3.13(457),  3.01(458),  2.72(451),  2.66(470),  2.57(486),  2.55(435),  2.55(463),  2.52(438),  2.49(473),  2.36(468),  2.33(456),  2.28(453),  2.15(462),  2.12(467),  2.09(436),  2.04(444),  1.90(482),  1.87(447),  1.80(481),  1.71(449),  1.60(454),  1.52(487),  1.50(448),  1.42(478),  1.38(483),  1.22(450),  1.21(469),  1.11(455),  0.97(472),  0.81(471),  0.77(460),  0.75(446),  0.70(443),  0.63(461),  0.50(485),  0.47(439),  0.37(464),  0.31(484),  0.30(445),  0.26(474),  0.22(459), 
Distant of points(mm) belongs the plane 1 (35 points): 
 8.87(416),  8.65(425),  7.43(402),  7.12(427),  6.68(419),  6.13(407),  5.89(434),  5.37(400),  5.25(412),  5.19(404),  4.31(415),  4.13(431),  4.01(429),  3.96(414),  3.68(411),  3.62(426),  3.23(417),  2.56(408),  2.50(430),  2.48(410),  2.43(428),  2.42(433),  2.13(420),  1.79(422),  1.61(403),  1.60(421),  1.43(413),  1.30(406),  1.26(418),  1.24(424),  1.03(409),  0.66(423),  0.13(405),  0.02(401),  0.00(432), 
Distant of points(mm) belongs the plane 5 (18 points): 
 7.43(499),  3.93(504),  3.68(491),  3.23(498),  3.21(492),  2.97(489),  2.58(494),  1.41(495),  1.14(488),  1.12(502),  0.92(500),  0.89(493),  0.74(503),  0.72(490),  0.58(496),  0.56(505),  0.54(501),  0.32(497), 
Distant of points(mm) belongs the plane 6 (66 points): 
 9.42(506),  8.95(534),  7.92(533),  7.69(508),  7.23(525),  6.57(541),  6.22(563),  6.06(507),  5.82(571),  5.47(526),  5.39(511),  5.36(542),  5.23(512),  5.10(519),  4.66(524),  4.64(527),  4.35(545),  4.34(532),  4.25(562),  3.81(514),  3.50(520),  3.48(549),  3.40(538),  3.37(528),  3.32(543),  3.13(515),  3.04(516),  3.03(529),  2.91(556),  2.69(564),  2.55(531),  2.39(540),  2.35(569),  2.28(535),  2.16(539),  2.16(548),  1.93(552),  1.91(557),  1.78(509),  1.76(561),  1.62(547),  1.39(518),  1.36(513),  1.32(566),  1.30(560),  1.28(567),  1.26(559),  1.15(554),  1.00(537),  0.97(565),  0.91(510),  0.85(551),  0.77(530),  0.76(522),  0.72(523),  0.59(570),  0.51(536),  0.46(558),  0.45(555),  0.43(546),  0.22(517),  0.21(568),  0.19(521),  0.12(553),  0.10(544),  0.05(550), 
Distant of points(mm) belongs the plane 7 (18 points): 
 9.59(574),  5.77(583),  4.94(589),  4.47(580),  4.39(586),  3.90(587),  3.88(572),  2.30(584),  2.09(582),  1.81(575),  1.78(576),  1.60(579),  1.40(573),  1.37(578),  1.29(577),  0.43(581),  0.17(585),  0.09(588), 
