CHECKING DISTANT FROM POINTS TO AVERAGE PLANE TO REMOVE INCORRECT POINT. 

Distant of points(mm) belongs the plane 0 (51 points): 
16.32(50), 15.34(20), 14.27(54), 13.98(19), 11.38(47), 11.35(29), 10.76(17), 10.31(31),  9.26(48),  8.47(30),  8.35(52),  8.20(44),  7.66(15),  7.55(45),  7.28(18),  7.23(27),  6.87(42),  6.79(33),  6.56(46),  6.51(43),  6.29(25),  5.62(16),  5.44(28),  5.34(35),  5.33(59),  5.10(56),  5.08(11),  5.00(13),  4.95(38),  4.91(26),  4.89(21),  4.54(10),  4.43(32),  4.19(24),  3.95(23),  3.90(51),  3.89(58),  3.59(9),  3.34(34),  3.16(57),  3.00(12),  2.78(40),  2.53(53),  2.43(49),  2.18(14),  2.09(39),  1.80(36),  1.79(22),  1.26(41),  0.63(37),  0.09(55), 
Distant of points(mm) belongs the plane 1 (48 points): 
17.41(60), 12.81(70), 10.58(88), 10.54(62), 10.16(63), 10.08(72),  9.56(66),  9.50(65),  9.15(105),  8.53(74),  8.24(107),  6.44(91),  5.92(79),  5.73(89),  5.69(87),  5.64(108),  5.35(83),  5.34(67),  5.19(103),  4.98(94),  4.44(90),  4.30(92),  3.78(68),  3.73(106),  3.55(93),  3.43(77),  3.10(76),  2.88(98),  2.80(86),  2.80(84),  2.74(81),  2.42(80),  2.41(97),  2.40(64),  2.32(73),  1.65(75),  1.62(95),  1.56(85),  1.24(101),  1.15(99),  1.09(61),  0.57(100),  0.57(78),  0.56(71),  0.51(69),  0.28(82),  0.26(102),  0.13(104), 
Distant of points(mm) belongs the plane 2 (57 points): 
16.73(120), 15.61(142), 14.34(119), 13.53(118), 12.59(155), 12.53(109), 12.09(117), 10.66(140),  9.11(115),  8.83(130),  8.83(131),  8.81(133),  8.51(126),  8.19(157),  7.75(150),  7.57(165),  7.33(121),  7.30(112),  6.93(154),  6.87(164),  6.77(163),  6.67(110),  6.26(122),  5.74(129),  5.53(138),  5.51(156),  5.13(141),  5.12(113),  4.88(123),  4.74(134),  4.49(152),  4.25(111),  4.17(144),  3.67(153),  3.47(124),  3.40(158),  3.22(128),  2.64(151),  2.63(127),  2.28(162),  2.19(135),  1.92(146),  1.80(132),  1.75(148),  1.75(136),  1.57(114),  1.40(116),  1.40(159),  0.93(149),  0.51(125),  0.44(137),  0.42(143),  0.26(161),  0.18(147),  0.18(139),  0.14(160),  0.05(145), 
Distant of points(mm) belongs the plane 3 (44 points): 
19.21(174), 14.33(173), 12.15(178), 11.11(176), 10.65(172),  9.34(180),  9.12(184),  9.07(187),  7.81(175),  7.76(185),  7.34(171),  6.44(205),  6.36(189),  5.63(204),  5.59(183),  5.13(179),  5.04(202),  4.95(166),  4.83(177),  4.42(190),  4.39(182),  4.14(209),  4.11(170),  3.71(199),  3.69(186),  3.68(196),  3.26(188),  3.20(167),  2.69(197),  2.65(193),  2.49(203),  2.37(192),  2.16(201),  2.16(169),  1.69(200),  1.68(168),  1.59(207),  1.29(198),  0.92(181),  0.88(194),  0.81(208),  0.49(195),  0.25(206),  0.14(191), 
Distant of points(mm) belongs the plane 4 (42 points): 
15.44(250), 11.18(235), 11.10(248), 10.17(232),  9.59(233),  8.90(236),  8.90(234),  8.17(211),  7.62(216),  7.07(246),  5.93(238),  5.91(214),  5.89(218),  4.79(229),  4.78(237),  4.35(231),  4.20(210),  4.16(219),  3.96(243),  3.86(225),  3.84(226),  3.83(221),  3.69(244),  3.44(240),  3.35(228),  3.17(217),  3.12(222),  2.99(223),  2.63(212),  2.24(220),  2.17(245),  2.07(249),  1.89(213),  1.83(242),  1.48(224),  1.07(247),  0.96(251),  0.87(239),  0.66(241),  0.62(227),  0.25(230),  0.07(215), 
Distant of points(mm) belongs the plane 5 (45 points): 
 6.64(252),  5.57(275),  4.79(277),  4.01(289),  3.93(259),  3.63(283),  3.62(261),  3.54(279),  3.51(296),  3.45(285),  3.24(276),  3.20(269),  3.01(286),  2.90(282),  2.73(257),  2.59(256),  2.55(287),  2.24(264),  2.23(253),  2.21(293),  2.16(258),  2.02(272),  1.87(268),  1.85(267),  1.84(271),  1.83(254),  1.75(284),  1.40(263),  1.39(292),  1.37(255),  1.28(260),  1.19(280),  1.15(270),  1.13(266),  1.10(288),  0.83(281),  0.74(295),  0.72(294),  0.71(278),  0.61(265),  0.30(274),  0.28(273),  0.28(291),  0.23(262),  0.22(290), 
Distant of points(mm) belongs the plane 6 (54 points): 
24.79(343), 23.15(322), 13.18(345), 12.73(347),  8.99(344),  8.59(307),  8.50(341),  7.90(346),  7.78(342),  7.16(348),  6.32(311),  6.19(335),  6.04(331),  5.87(336),  5.11(332),  5.01(306),  4.95(337),  4.60(350),  4.55(308),  4.37(300),  4.23(320),  4.08(301),  4.08(309),  4.04(303),  3.93(323),  3.87(349),  3.70(298),  3.69(326),  3.67(333),  3.63(319),  3.61(304),  3.57(334),  3.54(330),  3.22(299),  3.07(317),  2.95(325),  2.88(338),  2.57(310),  2.57(339),  2.48(314),  2.35(312),  2.30(302),  1.82(305),  1.80(297),  1.59(327),  1.41(324),  1.15(318),  1.09(316),  0.96(313),  0.75(329),  0.74(315),  0.56(328),  0.33(340),  0.07(321), 
Distant of points(mm) belongs the plane 7 (81 points): 
10.29(386),  9.91(376),  9.88(406),  9.63(426),  9.51(431),  9.28(422),  9.16(381),  9.10(411),  8.68(364),  8.57(405),  8.40(385),  7.77(367),  7.72(419),  7.70(409),  7.55(410),  7.23(401),  7.17(425),  7.07(400),  6.82(352),  6.66(394),  6.60(380),  6.36(407),  6.04(404),  5.96(393),  5.85(416),  5.66(392),  5.63(398),  5.42(377),  5.14(359),  5.14(372),  4.95(420),  4.94(375),  4.87(415),  4.63(423),  4.39(417),  4.37(412),  4.12(387),  4.05(424),  3.85(402),  3.62(379),  3.57(421),  3.33(351),  3.31(356),  3.27(361),  3.10(360),  3.04(382),  2.94(396),  2.94(395),  2.88(366),  2.84(354),  2.81(430),  2.71(408),  2.48(370),  2.41(413),  2.30(357),  2.23(358),  2.22(384),  2.18(403),  2.04(365),  1.99(368),  1.93(391),  1.91(362),  1.87(427),  1.86(388),  1.71(389),  1.68(399),  1.65(374),  1.64(428),  1.58(378),  1.43(373),  1.43(397),  1.41(418),  1.24(355),  1.14(371),  1.03(383),  0.86(369),  0.59(363),  0.34(353),  0.22(429),  0.16(390),  0.09(414), 
Distant of points(mm) belongs the plane 8 (15 points): 
 4.06(440),  3.02(446),  2.83(442),  2.78(434),  2.59(445),  2.19(432),  1.67(433),  1.22(444),  1.00(443),  0.96(436),  0.86(441),  0.62(438),  0.48(437),  0.44(439),  0.34(435), 
Distant of points(mm) belongs the plane 9 (8 points): 
 2.91(453),  2.09(450),  1.95(448),  1.63(454),  1.59(452),  1.04(451),  0.46(447),  0.13(449), 
Distant of points(mm) belongs the plane 10 (61 points): 
15.32(461), 14.44(475), 13.03(488), 12.54(499), 12.35(489), 12.24(474), 12.11(462), 10.91(515), 10.84(490), 10.28(463),  9.78(459),  9.21(487),  9.13(473),  8.39(486),  8.07(482),  8.05(491),  7.47(481),  7.03(477),  6.93(458),  6.75(455),  6.38(500),  6.31(467),  6.30(472),  6.26(468),  6.21(492),  4.85(504),  4.84(514),  4.84(456),  4.61(480),  4.37(496),  4.36(469),  4.31(503),  3.76(498),  3.40(464),  3.23(501),  3.08(509),  3.08(457),  2.89(507),  2.68(506),  2.56(460),  2.50(465),  2.42(471),  2.40(495),  2.39(466),  2.33(493),  2.20(483),  1.73(479),  1.64(511),  1.51(494),  1.27(513),  0.93(505),  0.92(497),  0.90(508),  0.82(502),  0.76(476),  0.68(484),  0.55(512),  0.52(470),  0.46(485),  0.25(510),  0.16(478), 
Distant of points(mm) belongs the plane 11 (15 points): 
 8.11(523),  7.44(520),  6.14(517),  5.01(528),  4.17(519),  3.50(529),  3.30(521),  2.33(518),  1.51(527),  1.34(522),  0.75(524),  0.62(530),  0.59(526),  0.47(516),  0.04(525), 
