CHECKING DISTANT FROM POINTS TO AVERAGE PLANE TO REMOVE INCORRECT POINT. 

Distant of points(mm) belongs the plane 0 (65 points): 
10.44(69), 10.29(67),  9.96(66),  9.32(68),  9.15(50),  8.71(48),  7.74(47),  7.56(16),  7.52(70),  7.46(28),  7.44(45),  7.39(46),  7.27(17),  5.69(9),  5.45(27),  5.20(30),  4.96(12),  4.95(18),  4.90(49),  4.68(56),  4.64(58),  4.56(29),  4.55(10),  4.43(31),  4.28(13),  4.15(60),  4.02(14),  3.94(22),  3.67(51),  3.45(40),  3.34(59),  3.16(54),  3.04(25),  2.88(35),  2.74(55),  2.66(43),  2.33(44),  2.27(37),  2.26(23),  2.26(24),  2.24(15),  2.20(53),  2.17(62),  2.08(38),  2.07(26),  1.77(41),  1.68(11),  1.65(65),  1.55(21),  1.50(64),  1.36(61),  1.31(32),  1.30(73),  1.27(71),  1.13(20),  0.98(19),  0.95(39),  0.77(63),  0.76(42),  0.72(57),  0.62(36),  0.61(34),  0.21(33),  0.11(52),  0.10(72), 
Distant of points(mm) belongs the plane 1 (56 points): 
11.93(76), 11.69(77), 10.54(100),  9.90(78),  8.71(91),  8.37(80),  8.04(98),  7.64(93),  7.51(99),  7.48(87),  7.45(85),  7.41(84),  7.40(74),  7.15(86),  7.15(79),  6.99(92),  6.11(90),  6.09(116),  5.48(83),  4.76(81),  4.76(117),  4.48(75),  4.42(113),  4.37(101),  3.93(97),  3.89(110),  3.51(89),  3.42(119),  3.38(121),  3.16(94),  2.81(96),  2.62(107),  2.38(106),  2.22(111),  2.10(120),  1.95(109),  1.78(123),  1.62(118),  1.51(114),  1.45(82),  1.39(103),  1.38(122),  1.35(126),  1.33(115),  1.25(105),  1.19(95),  1.14(88),  1.09(129),  1.01(124),  0.81(108),  0.56(104),  0.52(125),  0.49(102),  0.31(127),  0.11(128),  0.11(112), 
Distant of points(mm) belongs the plane 2 (96 points): 
17.94(153), 15.51(171), 14.41(225), 13.87(138), 13.42(152), 13.00(224), 11.96(139), 11.88(154), 10.80(163), 10.40(217), 10.29(172), 10.20(137),  9.98(208),  9.80(140),  9.78(223),  9.69(145),  9.49(216),  9.28(130),  9.22(222),  9.11(151),  9.07(173),  9.05(215),  8.68(141),  8.58(170),  8.56(209),  8.20(162),  8.11(214),  7.98(169),  7.72(210),  7.59(174),  7.37(175),  7.34(164),  6.92(176),  6.79(221),  6.60(155),  6.40(146),  6.20(136),  6.15(161),  6.01(178),  5.93(200),  5.70(131),  5.64(165),  5.50(142),  5.43(166),  5.26(167),  5.18(220),  4.86(186),  4.84(189),  4.72(168),  4.66(190),  4.50(179),  4.14(201),  4.07(143),  3.93(150),  3.91(211),  3.77(188),  3.68(181),  3.66(158),  3.50(182),  3.43(195),  3.32(177),  3.16(185),  3.08(135),  3.05(213),  2.84(184),  2.83(219),  2.81(147),  2.79(160),  2.48(187),  2.42(180),  2.29(196),  2.25(198),  2.12(218),  2.09(183),  2.09(191),  1.93(159),  1.74(132),  1.61(134),  1.26(197),  1.21(207),  1.12(156),  1.00(206),  0.98(144),  0.96(203),  0.79(199),  0.74(212),  0.51(133),  0.48(193),  0.45(204),  0.35(157),  0.23(202),  0.18(149),  0.18(194),  0.16(205),  0.11(148),  0.08(192), 
Distant of points(mm) belongs the plane 3 (60 points): 
13.64(285), 10.88(284),  9.87(277),  9.39(235),  9.25(226),  9.14(270),  8.92(278),  8.57(283),  7.10(263),  7.04(227),  6.37(229),  6.15(266),  5.96(282),  5.83(269),  5.79(228),  5.48(279),  5.41(262),  5.30(234),  4.89(276),  4.55(265),  4.49(261),  4.34(268),  4.25(233),  4.19(271),  4.13(264),  4.05(272),  4.00(248),  3.53(274),  3.00(242),  2.97(238),  2.97(241),  2.91(260),  2.49(267),  2.37(247),  2.17(249),  2.16(232),  1.93(237),  1.89(231),  1.74(250),  1.72(245),  1.63(253),  1.54(239),  1.42(246),  1.38(280),  1.34(256),  1.17(257),  1.05(275),  1.05(244),  1.02(255),  0.84(273),  0.81(259),  0.80(258),  0.74(230),  0.64(281),  0.39(243),  0.39(254),  0.33(252),  0.27(236),  0.27(251),  0.07(240), 
Distant of points(mm) belongs the plane 4 (61 points): 
29.28(345), 27.67(341), 22.77(340), 21.07(333), 20.98(349), 18.09(324), 17.17(339), 16.51(334), 15.67(348), 14.90(346), 13.84(311), 12.94(310), 12.27(323), 10.66(338),  7.45(322),  7.14(303),  6.37(288),  5.73(312),  5.72(301),  5.62(325),  5.57(300),  5.36(335),  4.95(293),  4.95(286),  4.85(309),  4.71(298),  4.56(336),  4.26(302),  4.17(299),  3.71(347),  3.62(329),  3.46(337),  3.33(305),  2.99(308),  2.93(313),  2.88(315),  2.55(287),  2.39(304),  2.26(292),  2.25(320),  2.20(297),  1.98(289),  1.66(295),  1.51(326),  1.47(306),  1.46(332),  1.18(290),  1.10(314),  0.84(330),  0.69(328),  0.56(294),  0.52(307),  0.51(321),  0.45(296),  0.43(318),  0.39(317),  0.39(327),  0.21(331),  0.20(291),  0.10(319),  0.09(316), 
Distant of points(mm) belongs the plane 5 (57 points): 
22.79(350), 21.02(357), 16.54(356), 15.91(374), 15.23(351), 14.67(406), 14.16(405), 13.01(373), 12.22(355), 11.76(375), 11.37(404), 10.62(395), 10.61(397), 10.35(398), 10.26(358),  9.91(396),  9.31(359),  9.13(366),  8.62(390),  8.44(376),  7.78(371),  7.60(394),  7.57(372),  7.47(360),  7.37(352),  7.33(383),  6.71(403),  6.64(384),  6.47(393),  6.47(392),  6.29(361),  6.28(377),  6.17(365),  6.12(385),  5.88(391),  5.72(378),  5.30(399),  5.25(354),  4.88(362),  4.04(379),  3.28(353),  3.21(363),  2.71(386),  2.43(370),  2.09(367),  1.90(402),  1.90(368),  1.67(389),  1.64(381),  1.27(400),  1.18(387),  1.17(380),  0.93(369),  0.85(401),  0.43(388),  0.29(364),  0.13(382), 
Distant of points(mm) belongs the plane 6 (33 points): 
 9.64(433),  9.21(434),  9.15(422),  7.01(428),  6.07(407),  5.97(408),  5.85(420),  5.17(435),  4.71(431),  4.59(421),  4.33(425),  4.05(430),  3.81(410),  3.59(409),  3.56(423),  3.51(426),  3.41(424),  3.17(419),  2.72(412),  2.53(439),  2.19(414),  2.15(417),  1.84(429),  1.65(418),  1.45(411),  1.33(432),  1.18(427),  0.92(415),  0.57(438),  0.40(416),  0.16(413),  0.16(437),  0.05(436), 
Distant of points(mm) belongs the plane 7 (43 points): 
 9.91(480),  9.34(479),  8.76(478),  6.98(466),  6.56(467),  6.34(446),  5.72(443),  5.49(442),  5.37(468),  5.09(465),  4.85(454),  4.53(460),  4.47(463),  4.07(450),  4.06(464),  3.91(458),  3.55(440),  3.17(448),  3.14(445),  3.02(457),  2.44(474),  2.35(482),  2.22(456),  2.16(481),  1.96(459),  1.76(469),  1.73(473),  1.27(472),  1.22(470),  1.15(449),  0.85(471),  0.77(461),  0.54(452),  0.45(455),  0.39(447),  0.38(475),  0.37(477),  0.26(441),  0.24(451),  0.24(444),  0.21(476),  0.21(462),  0.18(453), 
Distant of points(mm) belongs the plane 8 (18 points): 
 5.33(496),  5.09(486),  3.63(489),  3.28(498),  2.14(499),  1.67(492),  1.27(483),  1.22(487),  1.02(490),  1.02(488),  0.74(497),  0.65(500),  0.51(495),  0.46(494),  0.46(493),  0.32(484),  0.07(485),  0.04(491), 
Distant of points(mm) belongs the plane 9 (10 points): 
 6.18(510),  4.12(509),  3.83(505),  3.18(506),  3.06(502),  2.84(504),  2.49(507),  1.65(503),  0.99(508),  0.67(501), 
Distant of points(mm) belongs the plane 10 (70 points): 
10.45(574),  9.42(518),  8.96(539),  8.20(569),  6.77(558),  6.18(555),  5.99(513),  5.74(515),  5.70(516),  5.30(579),  5.21(527),  4.63(548),  4.34(529),  4.23(541),  4.18(512),  4.07(538),  4.02(567),  3.94(565),  3.84(578),  3.83(536),  3.68(547),  3.66(573),  3.64(556),  3.63(524),  3.61(521),  3.60(540),  3.55(580),  3.50(511),  3.42(519),  3.37(549),  3.27(514),  3.18(554),  3.17(568),  3.02(535),  2.72(553),  2.59(552),  2.56(530),  2.51(546),  2.48(543),  2.18(523),  2.16(575),  2.09(557),  2.03(563),  1.95(551),  1.80(550),  1.63(528),  1.60(542),  1.58(545),  1.51(517),  1.50(531),  1.45(534),  1.39(564),  1.11(572),  1.10(576),  0.94(571),  0.92(526),  0.89(522),  0.81(562),  0.80(560),  0.78(525),  0.71(559),  0.69(544),  0.67(561),  0.57(520),  0.52(570),  0.46(537),  0.40(533),  0.11(577),  0.11(532),  0.10(566), 
Distant of points(mm) belongs the plane 11 (30 points): 
 6.85(601),  6.66(599),  5.69(600),  4.68(602),  4.59(582),  3.18(589),  3.01(583),  2.96(598),  2.96(586),  2.48(603),  2.22(595),  2.07(597),  2.07(610),  1.91(581),  1.89(606),  1.88(608),  1.87(592),  1.75(591),  1.70(585),  1.57(590),  1.54(594),  1.32(587),  1.22(604),  1.21(605),  1.20(609),  1.19(593),  0.80(584),  0.74(596),  0.49(588),  0.36(607), 
