CHECKING DISTANT FROM POINTS TO AVERAGE PLANE TO REMOVE INCORRECT POINT. 

Distant of points(mm) belongs the plane 0 (49 points): 
15.94(19), 15.66(46), 13.37(47), 11.00(44),  9.94(43),  9.86(42),  8.59(45),  8.53(41),  8.41(48),  8.33(23),  8.20(49),  8.06(38),  7.64(40),  7.21(55),  6.80(50),  6.37(21),  6.25(54),  6.10(57),  5.63(17),  5.44(53),  5.41(11),  4.89(35),  4.77(36),  4.75(16),  4.57(39),  4.35(18),  4.13(9),  4.06(28),  3.88(56),  3.74(51),  3.36(34),  2.98(14),  2.97(30),  2.97(15),  2.76(25),  2.53(52),  2.46(29),  2.34(13),  1.82(31),  1.27(10),  0.86(22),  0.86(24),  0.81(27),  0.68(37),  0.67(26),  0.64(32),  0.56(33),  0.16(12),  0.08(20), 
Distant of points(mm) belongs the plane 1 (49 points): 
32.99(68), 23.61(67), 15.81(96), 14.70(92), 14.30(95), 13.26(94), 12.02(90), 11.20(93), 10.24(65),  9.67(108),  9.59(60),  9.59(98),  8.78(91),  8.21(74),  7.69(85),  7.65(66),  7.38(103),  7.29(107),  7.22(73),  6.81(88),  6.81(104),  6.72(89),  6.71(79),  6.11(77),  5.96(102),  5.76(71),  5.46(106),  5.40(75),  5.37(81),  5.27(69),  5.24(86),  5.15(105),  4.98(87),  4.47(100),  3.70(62),  2.88(76),  1.57(84),  1.35(78),  0.96(82),  0.86(70),  0.75(101),  0.74(61),  0.73(97),  0.65(72),  0.53(83),  0.50(99),  0.38(63),  0.17(64),  0.09(80), 
Distant of points(mm) belongs the plane 2 (83 points): 
31.40(110), 22.72(121), 22.40(161), 22.07(163), 21.84(109), 20.80(112), 17.84(178), 17.71(177), 17.38(119), 16.98(160), 16.25(179), 14.79(111), 14.24(134), 14.19(120), 13.92(123), 13.34(176), 12.70(181), 12.00(133), 11.93(167), 11.82(114), 11.77(190), 11.40(175), 11.28(165), 11.01(159),  9.79(180),  9.75(157),  9.35(131),  9.30(122),  9.01(162),  8.54(136),  8.28(183),  8.20(191),  8.18(117),  8.04(155),  7.95(182),  7.80(124),  7.48(118),  7.37(184),  7.12(129),  6.73(130),  6.47(115),  6.30(173),  6.19(153),  5.81(164),  5.77(145),  5.76(125),  5.76(171),  5.72(143),  5.57(116),  5.42(132),  5.04(128),  4.89(189),  4.85(185),  4.81(156),  4.54(158),  4.43(174),  4.37(186),  4.16(169),  3.99(144),  3.70(141),  3.52(170),  3.47(126),  3.37(139),  2.70(188),  2.31(172),  2.07(137),  1.98(127),  1.76(148),  1.48(152),  1.46(151),  1.44(154),  1.33(146),  1.02(142),  0.89(187),  0.89(138),  0.83(166),  0.63(147),  0.57(150),  0.45(149),  0.37(113),  0.32(140),  0.18(168),  0.02(135), 
Distant of points(mm) belongs the plane 3 (36 points): 
14.54(227), 13.71(203),  9.89(202),  9.40(192),  9.33(201),  8.35(217),  8.29(218),  7.76(212),  7.70(222),  7.05(219),  6.84(199),  6.80(210),  6.65(226),  6.56(220),  6.47(208),  5.78(216),  5.68(200),  5.35(206),  4.97(221),  4.95(204),  4.47(207),  4.30(214),  4.09(194),  3.80(193),  3.76(215),  3.70(205),  3.46(213),  3.20(225),  2.50(197),  2.32(223),  2.20(211),  1.91(209),  1.05(196),  0.90(224),  0.70(195),  0.50(198), 
Distant of points(mm) belongs the plane 4 (38 points): 
17.01(265), 13.75(230), 13.46(255), 12.98(256), 12.80(228), 12.50(264), 12.40(254), 12.08(239), 10.57(257),  9.90(235),  9.68(237),  9.67(258),  9.66(240),  7.76(252),  7.29(232),  6.55(253),  6.28(259),  6.23(245),  5.87(229),  5.51(247),  4.93(263),  4.75(241),  4.63(233),  4.58(250),  4.37(260),  3.82(248),  3.80(251),  3.65(243),  3.63(238),  3.46(236),  3.13(261),  2.95(234),  2.88(249),  2.38(242),  2.19(231),  1.89(262),  1.40(244),  0.52(246), 
Distant of points(mm) belongs the plane 5 (45 points): 
20.04(266), 18.99(290), 15.99(267), 15.29(276), 14.79(299), 13.93(297), 13.91(274), 13.56(310), 12.64(288), 12.28(300), 11.27(301), 10.29(295),  9.99(277),  9.51(278),  8.84(308),  8.34(302),  8.29(269),  7.95(309),  7.84(268),  7.37(279),  7.27(293),  6.81(280),  6.80(287),  6.31(272),  6.30(284),  5.97(292),  5.52(286),  5.02(281),  4.49(275),  4.37(273),  4.31(298),  3.98(289),  3.52(306),  3.41(270),  2.86(303),  2.55(294),  2.38(271),  2.38(291),  1.84(285),  1.54(296),  1.40(282),  1.19(305),  1.13(304),  0.60(307),  0.24(283), 
Distant of points(mm) belongs the plane 6 (50 points): 
 7.77(345),  6.72(343),  6.40(335),  6.20(328),  6.12(331),  5.70(313),  5.68(360),  5.55(339),  5.24(317),  4.63(316),  4.22(318),  3.91(336),  3.88(323),  3.74(320),  3.38(314),  3.21(351),  2.75(330),  2.69(329),  2.56(358),  2.48(347),  2.46(349),  2.44(346),  2.44(355),  2.36(321),  2.32(334),  2.27(350),  2.25(312),  2.16(319),  2.12(337),  1.99(340),  1.78(332),  1.76(352),  1.69(353),  1.63(354),  1.58(356),  1.50(315),  1.49(359),  1.44(344),  1.29(327),  1.27(325),  1.05(322),  0.99(341),  0.96(326),  0.82(338),  0.57(342),  0.46(357),  0.45(324),  0.31(311),  0.31(333),  0.00(348), 
Distant of points(mm) belongs the plane 7 (64 points): 
23.76(412), 12.10(368),  7.87(376),  6.89(371),  6.50(415),  5.62(400),  5.37(379),  4.97(363),  4.92(398),  4.91(375),  4.87(409),  4.69(396),  4.45(369),  4.38(386),  4.36(365),  4.25(366),  4.21(401),  4.18(393),  4.16(387),  4.10(372),  4.09(361),  4.08(399),  3.99(390),  3.97(411),  3.59(407),  3.52(410),  3.18(405),  3.11(419),  3.05(374),  2.86(385),  2.84(406),  2.78(397),  2.73(388),  2.52(417),  2.42(391),  2.15(389),  2.13(384),  1.94(413),  1.94(392),  1.79(370),  1.76(377),  1.69(383),  1.62(367),  1.58(414),  1.52(404),  1.50(403),  1.41(420),  1.34(423),  1.30(394),  1.27(395),  1.22(378),  1.19(381),  1.13(418),  1.02(416),  1.00(382),  0.94(364),  0.77(380),  0.69(421),  0.68(373),  0.61(362),  0.45(424),  0.31(402),  0.13(422),  0.03(408), 
Distant of points(mm) belongs the plane 8 (15 points): 
 8.95(434),  6.01(436),  5.66(429),  4.19(437),  3.93(427),  3.24(426),  3.08(435),  2.51(425),  1.80(430),  1.62(432),  1.57(439),  1.42(438),  1.23(428),  0.59(431),  0.17(433), 
Distant of points(mm) belongs the plane 9 (56 points): 
17.76(487), 15.07(485), 10.07(473),  9.72(441),  9.63(490),  9.44(472),  9.28(440),  9.22(486),  8.85(464),  8.32(442),  7.74(454),  7.69(482),  7.54(463),  7.42(492),  7.32(474),  7.30(483),  7.25(476),  6.99(488),  6.91(479),  6.41(481),  6.38(471),  6.34(462),  6.19(484),  6.14(470),  5.93(495),  4.75(444),  4.71(465),  4.52(475),  4.18(447),  3.96(478),  3.59(449),  3.52(453),  3.43(493),  3.30(467),  3.23(468),  2.99(458),  2.77(489),  2.76(450),  2.69(459),  2.67(455),  2.64(457),  2.63(460),  2.42(452),  1.35(448),  1.26(466),  1.25(446),  1.25(491),  1.18(477),  1.13(494),  1.06(480),  1.01(443),  0.91(456),  0.78(461),  0.65(469),  0.36(451),  0.04(445), 
Distant of points(mm) belongs the plane 10 (15 points): 
22.38(506), 12.03(510),  8.24(498),  7.04(500),  6.88(508),  6.42(505),  5.93(502),  5.13(509),  4.60(507),  4.30(497),  3.33(501),  3.29(504),  2.34(499),  1.14(496),  0.76(503), 
