CHECKING DISTANT FROM POINTS TO AVERAGE PLANE TO REMOVE INCORRECT POINT. 

Distant of points(mm) belongs the plane 0 (38 points): 
20.53(46), 18.37(45), 10.59(42),  9.05(43),  7.75(39),  5.76(44),  5.63(12),  5.56(41),  5.40(9),  4.72(17),  4.55(10),  4.41(37),  4.29(16),  4.26(20),  4.17(40),  3.43(25),  3.01(19),  2.94(15),  2.75(23),  2.60(35),  2.43(21),  1.97(18),  1.70(34),  1.42(38),  1.38(36),  1.20(26),  1.13(33),  0.91(27),  0.86(11),  0.81(32),  0.75(28),  0.68(30),  0.62(22),  0.49(24),  0.22(14),  0.21(31),  0.13(29),  0.07(13), 
Distant of points(mm) belongs the plane 1 (18 points): 
 5.24(54),  4.84(52),  4.69(63),  4.60(49),  4.56(48),  3.92(56),  2.79(55),  2.70(60),  2.14(51),  1.98(62),  1.95(61),  1.62(47),  1.29(59),  1.21(58),  1.09(57),  0.99(64),  0.75(53),  0.54(50), 
Distant of points(mm) belongs the plane 2 (14 points): 
 9.89(71),  7.81(65),  6.49(75),  6.42(73),  6.07(74),  4.20(68),  3.59(69),  2.76(70),  1.77(77),  1.65(66),  1.58(67),  1.55(72),  1.37(76),  1.19(78), 
Distant of points(mm) belongs the plane 3 (10 points): 
 8.04(86),  7.42(88),  4.67(80),  4.38(87),  3.60(83),  3.28(84),  2.70(82),  2.33(85),  1.73(81),  0.69(79), 
Distant of points(mm) belongs the plane 4 (56 points): 
31.45(99), 24.92(100), 23.85(102), 22.64(122), 19.32(106), 16.58(127), 16.05(132), 15.75(121), 15.20(103), 15.04(98), 11.88(104), 10.29(135),  9.60(89),  9.56(118),  9.12(108),  9.04(133),  8.85(138),  8.68(101),  8.49(131),  7.85(130),  7.83(120),  7.75(105),  7.55(129),  7.05(124),  6.70(125),  6.00(92),  5.52(144),  4.86(93),  4.82(90),  4.74(143),  4.55(142),  4.36(128),  4.15(94),  3.39(123),  3.37(96),  3.14(126),  2.79(114),  2.32(117),  2.13(115),  2.08(139),  1.73(91),  1.60(95),  1.53(112),  1.45(137),  1.16(97),  1.13(109),  1.09(136),  0.95(111),  0.86(116),  0.51(141),  0.36(113),  0.30(110),  0.29(134),  0.27(107),  0.24(119),  0.02(140), 
Distant of points(mm) belongs the plane 5 (10 points): 
10.08(151),  6.84(148),  5.68(147),  2.81(150),  2.31(146),  2.21(155),  2.01(145),  0.64(152),  0.18(153),  0.04(154), 
Distant of points(mm) belongs the plane 6 (23 points): 
 5.61(173),  4.84(171),  4.66(159),  4.60(172),  3.87(157),  3.74(174),  3.69(178),  3.08(167),  2.93(163),  2.86(158),  2.49(164),  2.12(170),  1.81(166),  1.71(161),  1.64(168),  1.25(165),  1.12(175),  1.12(176),  0.71(169),  0.53(162),  0.52(177),  0.51(156),  0.21(160), 
Distant of points(mm) belongs the plane 7 (9 points): 
 2.40(185),  1.88(180),  1.87(183),  1.59(179),  1.42(184),  1.10(186),  1.08(182),  0.50(187),  0.44(181), 
Distant of points(mm) belongs the plane 8 (16 points): 
 6.19(196),  3.96(197),  3.56(188),  3.25(191),  2.40(198),  1.91(203),  1.76(199),  1.22(194),  0.64(201),  0.48(202),  0.45(189),  0.39(190),  0.34(200),  0.31(192),  0.17(195),  0.10(193), 
Distant of points(mm) belongs the plane 9 (23 points): 
 7.12(216),  5.19(218),  5.06(222),  4.52(219),  4.34(215),  3.86(221),  3.70(225),  3.19(224),  1.77(206),  1.67(226),  1.62(213),  1.62(205),  1.54(209),  1.03(223),  0.95(212),  0.94(210),  0.88(214),  0.59(207),  0.55(220),  0.54(204),  0.45(208),  0.09(217),  0.05(211), 
Distant of points(mm) belongs the plane 10 (5 points): 
 1.98(229),  1.43(230),  0.54(228),  0.28(227),  0.26(231), 
