#OKS At   -55 : After 4 points 
2.576487, -4.661455, -1.468000 
2.590991, -4.413244, -1.468000 
-3.210276, -4.123861, -1.468000 
-3.212845, -4.627833, -1.468000 
#OKS At   -50 : After 4 points 
2.577671, -4.661462, -1.463000 
2.626975, -3.817735, -1.463000 
-3.207231, -3.526709, -1.463000 
-3.212845, -4.627833, -1.463000 
#OKS At   -45 : After 4 points 
2.578855, -4.661469, -1.458000 
2.662958, -3.222226, -1.458000 
-3.204187, -2.929557, -1.458000 
-3.212845, -4.627833, -1.458000 
#OKS At   -40 : After 4 points 
2.580039, -4.661476, -1.453000 
2.698941, -2.626717, -1.453000 
-3.201142, -2.332406, -1.453000 
-3.212845, -4.627833, -1.453000 
#OKS At   -35 : After 4 points 
2.581223, -4.661482, -1.448000 
2.734924, -2.031208, -1.448000 
-3.198097, -1.735254, -1.448000 
-3.212845, -4.627833, -1.448000 
#OKS At   -30 : After 5 points 
2.746712, -1.849746, -1.443000 
2.582407, -4.661489, -1.443000 
-3.212845, -4.627833, -1.443000 
-3.195053, -1.138102, -1.443000 
2.746239, -1.434468, -1.443000 
#OKS At   -25 : After 5 points 
2.748024, -1.847564, -1.438000 
2.583591, -4.661496, -1.438000 
-3.212845, -4.627833, -1.438000 
-3.192008, -0.540951, -1.438000 
2.746873, -0.837195, -1.438000 
#OKS At   -20 : After 5 points 
2.749336, -1.845382, -1.433000 
2.584775, -4.661503, -1.433000 
-3.212845, -4.627833, -1.433000 
-3.188964, 0.056201, -1.433000 
2.747507, -0.239922, -1.433000 
#OKS At   -15 : After 5 points 
2.750648, -1.843199, -1.428000 
2.585959, -4.661510, -1.428000 
-3.212845, -4.627833, -1.428000 
-3.185919, 0.653353, -1.428000 
2.748140, 0.357351, -1.428000 
#OKS At   -10 : After 5 points 
2.751960, -1.841017, -1.423000 
2.587143, -4.661517, -1.423000 
-3.212845, -4.627833, -1.423000 
-3.182874, 1.250504, -1.423000 
2.748774, 0.954624, -1.423000 
#OKS At    -5 : After 5 points 
2.753272, -1.838835, -1.418000 
2.588326, -4.661524, -1.418000 
-3.212845, -4.627833, -1.418000 
-3.179830, 1.847656, -1.418000 
2.749408, 1.551896, -1.418000 
#OKS At     0 : After 5 points 
2.754584, -1.836652, -1.413000 
2.589510, -4.661531, -1.413000 
-3.212845, -4.627833, -1.413000 
-3.176785, 2.444808, -1.413000 
2.750041, 2.149169, -1.413000 
#OKS At   100 : After 5 points 
2.780821, -1.793006, -1.313000 
2.613189, -4.661668, -1.313000 
-3.212845, -4.627833, -1.313000 
-3.161044, 5.532155, -1.313000 
2.772494, 5.514217, -1.313000 
#OKS At   200 : After 5 points 
2.807059, -1.749359, -1.213000 
2.636868, -4.661806, -1.213000 
-3.212845, -4.627833, -1.213000 
-3.161051, 5.530788, -1.213000 
2.798783, 5.512770, -1.213000 
#OKS At   300 : After 5 points 
2.833296, -1.705712, -1.113000 
2.660547, -4.661943, -1.113000 
-3.212845, -4.627833, -1.113000 
-3.161058, 5.529420, -1.113000 
2.825072, 5.511323, -1.113000 
#OKS At   400 : After 5 points 
2.859534, -1.662066, -1.013000 
2.684226, -4.662081, -1.013000 
-3.212845, -4.627833, -1.013000 
-3.161065, 5.528053, -1.013000 
2.851361, 5.509876, -1.013000 
#OKS At   500 : After 5 points 
2.885771, -1.618419, -0.913000 
2.707905, -4.662218, -0.913000 
-3.212845, -4.627833, -0.913000 
-3.161072, 5.526685, -0.913000 
2.877649, 5.508429, -0.913000 
#OKS At   600 : After 5 points 
2.912009, -1.574772, -0.813000 
2.731584, -4.662356, -0.813000 
-3.212845, -4.627833, -0.813000 
-3.161079, 5.525318, -0.813000 
2.903938, 5.506983, -0.813000 
#OKS At   700 : After 5 points 
2.938246, -1.531126, -0.713000 
2.755263, -4.662493, -0.713000 
-3.212845, -4.627833, -0.713000 
-3.161086, 5.523950, -0.713000 
2.930227, 5.505536, -0.713000 
#OKS At   800 : After 6 points 
2.950018, -1.735027, -0.613000 
2.960911, 1.647726, -0.613000 
2.956516, 5.504089, -0.613000 
-3.161093, 5.522583, -0.613000 
-3.212845, -4.627833, -0.613000 
2.778942, -4.662631, -0.613000 
#OKS At   900 : After 5 points 
2.948413, -2.167845, -0.513000 
2.973113, 5.502671, -0.513000 
-3.161100, 5.521216, -0.513000 
-3.212845, -4.627833, -0.513000 
2.802621, -4.662768, -0.513000 
#OKS At  1000 : After 5 points 
2.946808, -2.600662, -0.413000 
2.972897, 5.501304, -0.413000 
-3.161107, 5.519848, -0.413000 
-3.212845, -4.627833, -0.413000 
2.826300, -4.662906, -0.413000 
#OKS At  1100 : After 5 points 
2.945204, -3.033480, -0.313000 
2.972682, 5.499937, -0.313000 
-3.161114, 5.518481, -0.313000 
-3.212845, -4.627833, -0.313000 
2.849979, -4.663043, -0.313000 
#OKS At  1200 : After 5 points 
2.943599, -3.466297, -0.213000 
2.972466, 5.498571, -0.213000 
-3.161121, 5.517113, -0.213000 
-3.212845, -4.627833, -0.213000 
2.873658, -4.663181, -0.213000 
#OKS At  1300 : After 5 points 
2.941994, -3.899115, -0.113000 
2.972251, 5.497204, -0.113000 
-3.161128, 5.515746, -0.113000 
-3.212845, -4.627833, -0.113000 
2.897337, -4.663318, -0.113000 
#OKS At  1400 : After 5 points 
2.940389, -4.331932, -0.013000 
2.972035, 5.495837, -0.013000 
-3.161135, 5.514378, -0.013000 
-3.212845, -4.627833, -0.013000 
2.921016, -4.663456, -0.013000 
#OKS At  1500 : After 4 points 
2.939110, -4.663561, 0.087000 
2.971819, 5.494470, 0.087000 
-3.161142, 5.513011, 0.087000 
-3.212845, -4.627833, 0.087000 
#OKS At  1600 : After 4 points 
2.938899, -4.663560, 0.187000 
2.971604, 5.493103, 0.187000 
-3.161149, 5.511644, 0.187000 
-3.212845, -4.627833, 0.187000 
#OKS At  1700 : After 4 points 
2.938687, -4.663559, 0.287000 
2.971388, 5.491737, 0.287000 
-3.161156, 5.510276, 0.287000 
-3.212845, -4.627833, 0.287000 
#OKS At  1800 : After 4 points 
2.938476, -4.663557, 0.387000 
2.971173, 5.490370, 0.387000 
-3.161163, 5.508909, 0.387000 
-3.212845, -4.627833, 0.387000 
#OKS At  1900 : After 4 points 
2.938265, -4.663556, 0.487000 
2.970957, 5.489003, 0.487000 
-3.161170, 5.507541, 0.487000 
-3.212845, -4.627833, 0.487000 
#OKS At  2000 : After 4 points 
2.938054, -4.663555, 0.587000 
2.970741, 5.487636, 0.587000 
-3.161177, 5.506174, 0.587000 
-3.212845, -4.627833, 0.587000 
#OKS At  2100 : After 4 points 
2.937843, -4.663554, 0.687000 
2.970526, 5.486270, 0.687000 
-3.161184, 5.504806, 0.687000 
-3.212845, -4.627833, 0.687000 
#OKS At  2200 : After 4 points 
2.937632, -4.663552, 0.787000 
2.970310, 5.484903, 0.787000 
-3.161190, 5.503439, 0.787000 
-3.212845, -4.627833, 0.787000 
#OKS At  2300 : After 4 points 
2.937420, -4.663551, 0.887000 
2.970095, 5.483536, 0.887000 
-3.161197, 5.502072, 0.887000 
-3.212845, -4.627833, 0.887000 
#OKS At  2400 : After 4 points 
2.937209, -4.663550, 0.987000 
2.969879, 5.482169, 0.987000 
-3.161204, 5.500704, 0.987000 
-3.212845, -4.627833, 0.987000 
#OKS At  2500 : After 4 points 
2.936998, -4.663549, 1.087000 
2.969664, 5.480802, 1.087000 
-3.161211, 5.499337, 1.087000 
-3.212845, -4.627833, 1.087000 
#OKS At  2600 : After 4 points 
2.936787, -4.663548, 1.187000 
2.969448, 5.479436, 1.187000 
-3.161218, 5.497969, 1.187000 
-3.212845, -4.627833, 1.187000 
#OKS At  2700 : After 4 points 
2.936576, -4.663546, 1.287000 
2.969232, 5.478069, 1.287000 
-3.161225, 5.496602, 1.287000 
-3.212845, -4.627833, 1.287000 
#OKS At  2800 : After 4 points 
2.936364, -4.663545, 1.387000 
2.969017, 5.476702, 1.387000 
-3.161232, 5.495234, 1.387000 
-3.212845, -4.627833, 1.387000 
#OKS At  2900 : After 4 points 
2.936153, -4.663544, 1.487000 
2.968801, 5.475335, 1.487000 
-3.161239, 5.493867, 1.487000 
-3.212845, -4.627833, 1.487000 
#OKS At  3000 : After 4 points 
2.935942, -4.663543, 1.587000 
2.968586, 5.473968, 1.587000 
-3.161246, 5.492500, 1.587000 
-3.212845, -4.627833, 1.587000 
#OKS At  3100 : After 4 points 
2.935731, -4.663541, 1.687000 
2.968370, 5.472602, 1.687000 
-3.161253, 5.491132, 1.687000 
-3.212845, -4.627833, 1.687000 
#OKS At  3200 : After 4 points 
2.935520, -4.663540, 1.787000 
2.968154, 5.471235, 1.787000 
-3.161260, 5.489765, 1.787000 
-3.212845, -4.627833, 1.787000 
#OKS At  3300 : After 4 points 
2.935309, -4.663539, 1.887000 
2.967939, 5.469868, 1.887000 
-3.161267, 5.488397, 1.887000 
-3.212845, -4.627833, 1.887000 
#OKS At  3400 : After 4 points 
2.935097, -4.663538, 1.987000 
2.967723, 5.468501, 1.987000 
-3.161274, 5.487030, 1.987000 
-3.212845, -4.627833, 1.987000 
#OKS At  3500 : After 4 points 
2.934886, -4.663536, 2.087000 
2.967508, 5.467134, 2.087000 
-3.161281, 5.485662, 2.087000 
-3.212845, -4.627833, 2.087000 
#OKS At  3600 : After 4 points 
2.934675, -4.663535, 2.187000 
2.967292, 5.465768, 2.187000 
-3.161288, 5.484295, 2.187000 
-3.212845, -4.627833, 2.187000 
#OKS At  3700 : After 4 points 
2.934464, -4.663534, 2.287000 
2.967076, 5.464401, 2.287000 
-3.161295, 5.482928, 2.287000 
-3.212845, -4.627833, 2.287000 
#OKS At  3800 : After 4 points 
2.934253, -4.663533, 2.387000 
2.966861, 5.463034, 2.387000 
-3.161302, 5.481560, 2.387000 
-3.212845, -4.627833, 2.387000 
#OKS At  3900 : After 4 points 
2.934041, -4.663532, 2.487000 
2.966645, 5.461667, 2.487000 
-3.161309, 5.480193, 2.487000 
-3.212845, -4.627833, 2.487000 
#OKS At  4000 : After 4 points 
2.933830, -4.663530, 2.587000 
2.966430, 5.460300, 2.587000 
-3.161316, 5.478825, 2.587000 
-3.212845, -4.627833, 2.587000 
#OKS At  4100 : After 4 points 
2.933619, -4.663529, 2.687000 
2.966214, 5.458934, 2.687000 
-3.161323, 5.477458, 2.687000 
-3.212845, -4.627833, 2.687000 
#OKS At  4200 : After 4 points 
2.933408, -4.663528, 2.787000 
2.965999, 5.457567, 2.787000 
-3.161330, 5.476090, 2.787000 
-3.212845, -4.627833, 2.787000 
#OKS At  4300 : After 4 points 
2.933197, -4.663527, 2.887000 
2.965783, 5.456200, 2.887000 
-3.161337, 5.474723, 2.887000 
-3.212845, -4.627833, 2.887000 
#OKS At  4400 : After 4 points 
2.932985, -4.663525, 2.987000 
2.965567, 5.454833, 2.987000 
-3.161344, 5.473356, 2.987000 
-3.212845, -4.627833, 2.987000 
#OKS At  4500 : After 4 points 
2.932774, -4.663524, 3.087000 
2.965352, 5.453466, 3.087000 
-3.161351, 5.471988, 3.087000 
-3.212845, -4.627833, 3.087000 
#OKS At  4600 : After 4 points 
2.932563, -4.663523, 3.187000 
2.965136, 5.452100, 3.187000 
-3.161358, 5.470621, 3.187000 
-3.212845, -4.627833, 3.187000 
#OKS At  4700 : After 4 points 
2.932352, -4.663522, 3.287000 
2.964921, 5.450733, 3.287000 
-3.161365, 5.469253, 3.287000 
-3.212845, -4.627833, 3.287000 
#OKS At  4800 : After 4 points 
2.932141, -4.663521, 3.387000 
2.964705, 5.449366, 3.387000 
-3.161372, 5.467886, 3.387000 
-3.212845, -4.627833, 3.387000 
#OKS At  4900 : After 4 points 
2.931930, -4.663519, 3.487000 
2.964489, 5.447999, 3.487000 
-3.161379, 5.466518, 3.487000 
-3.212845, -4.627833, 3.487000 
#OKS At  5000 : After 4 points 
2.931718, -4.663518, 3.587000 
2.964274, 5.446632, 3.587000 
-3.161386, 5.465151, 3.587000 
-3.212845, -4.627833, 3.587000 
#OKS At  5100 : After 4 points 
2.931507, -4.663517, 3.687000 
2.964058, 5.445266, 3.687000 
-3.161393, 5.463784, 3.687000 
-3.212845, -4.627833, 3.687000 
#OKS At  5200 : After 4 points 
2.931296, -4.663516, 3.787000 
2.963843, 5.443899, 3.787000 
-3.161400, 5.462416, 3.787000 
-3.212845, -4.627833, 3.787000 
#OKS At  5300 : After 4 points 
2.931085, -4.663514, 3.887000 
2.963627, 5.442532, 3.887000 
-3.161407, 5.461049, 3.887000 
-3.212845, -4.627833, 3.887000 
#OKS At  5400 : After 4 points 
2.930874, -4.663513, 3.987000 
2.963411, 5.441165, 3.987000 
-3.161414, 5.459681, 3.987000 
-3.212845, -4.627833, 3.987000 
#OKS At  5500 : After 4 points 
2.930662, -4.663512, 4.087000 
2.963196, 5.439798, 4.087000 
-3.161421, 5.458314, 4.087000 
-3.212845, -4.627833, 4.087000 
#OKS At  5600 : After 4 points 
2.930451, -4.663511, 4.187000 
2.962980, 5.438432, 4.187000 
-3.161428, 5.456946, 4.187000 
-3.212845, -4.627833, 4.187000 
#OKS At  5700 : After 4 points 
2.930240, -4.663509, 4.287000 
2.962765, 5.437065, 4.287000 
-3.161435, 5.455579, 4.287000 
-3.212845, -4.627833, 4.287000 
#OKS At  5800 : After 4 points 
2.930029, -4.663508, 4.387000 
2.962549, 5.435698, 4.387000 
-3.161442, 5.454212, 4.387000 
-3.212845, -4.627833, 4.387000 
#OKS At  5900 : After 4 points 
2.929818, -4.663507, 4.487000 
2.962333, 5.434331, 4.487000 
-3.161448, 5.452844, 4.487000 
-3.212845, -4.627833, 4.487000 
#OKS At  6000 : After 4 points 
2.929607, -4.663506, 4.587000 
2.962118, 5.432964, 4.587000 
-3.161455, 5.451477, 4.587000 
-3.212845, -4.627833, 4.587000 
#OKS At  6100 : After 4 points 
2.929395, -4.663505, 4.687000 
2.961902, 5.431598, 4.687000 
-3.161462, 5.450109, 4.687000 
-3.212845, -4.627833, 4.687000 
#OKS At  6200 : After 4 points 
2.929184, -4.663503, 4.787000 
2.961687, 5.430231, 4.787000 
-3.161469, 5.448742, 4.787000 
-3.212845, -4.627833, 4.787000 
#OKS At  6300 : After 4 points 
2.928973, -4.663502, 4.887000 
2.961471, 5.428864, 4.887000 
-3.161476, 5.447374, 4.887000 
-3.212845, -4.627833, 4.887000 
#OKS At  6400 : After 4 points 
2.928762, -4.663501, 4.987000 
2.961256, 5.427497, 4.987000 
-3.161483, 5.446007, 4.987000 
-3.212845, -4.627833, 4.987000 
#OKS At  6500 : After 4 points 
2.928551, -4.663500, 5.087000 
2.961040, 5.426130, 5.087000 
-3.161490, 5.444640, 5.087000 
-3.212845, -4.627833, 5.087000 
#OKS At  6600 : After 4 points 
2.928339, -4.663498, 5.187000 
2.960824, 5.424764, 5.187000 
-3.161497, 5.443272, 5.187000 
-3.212845, -4.627833, 5.187000 
#OKS At  6700 : After 4 points 
2.928128, -4.663497, 5.287000 
2.960609, 5.423397, 5.287000 
-3.161504, 5.441905, 5.287000 
-3.212845, -4.627833, 5.287000 
#OKS At  6800 : After 4 points 
2.927917, -4.663496, 5.387000 
2.960393, 5.422030, 5.387000 
-3.161511, 5.440537, 5.387000 
-3.212845, -4.627833, 5.387000 
#OKS At  6900 : After 4 points 
2.927706, -4.663495, 5.487000 
2.960178, 5.420663, 5.487000 
-3.161518, 5.439170, 5.487000 
-3.212845, -4.627833, 5.487000 
#OKS At  7000 : After 4 points 
2.927495, -4.663494, 5.587000 
2.959962, 5.419296, 5.587000 
-3.161525, 5.437802, 5.587000 
-3.212845, -4.627833, 5.587000 
#OKS At  7100 : After 4 points 
2.927284, -4.663492, 5.687000 
2.959746, 5.417930, 5.687000 
-3.161532, 5.436435, 5.687000 
-3.212845, -4.627833, 5.687000 
#OKS At  7200 : After 4 points 
2.927072, -4.663491, 5.787000 
2.959531, 5.416563, 5.787000 
-3.161539, 5.435068, 5.787000 
-3.212845, -4.627833, 5.787000 
#OKS At  7300 : After 4 points 
2.926861, -4.663490, 5.887000 
2.959315, 5.415196, 5.887000 
-3.161546, 5.433700, 5.887000 
-3.212845, -4.627833, 5.887000 
#OKS At  7400 : After 4 points 
2.926650, -4.663489, 5.987000 
2.959100, 5.413829, 5.987000 
-3.161553, 5.432333, 5.987000 
-3.212845, -4.627833, 5.987000 
#OKS At  7500 : After 4 points 
2.926439, -4.663487, 6.087000 
2.958884, 5.412462, 6.087000 
-3.161560, 5.430965, 6.087000 
-3.212845, -4.627833, 6.087000 
#OKS At  7600 : After 4 points 
2.926228, -4.663486, 6.187000 
2.958668, 5.411096, 6.187000 
-3.161567, 5.429598, 6.187000 
-3.212845, -4.627833, 6.187000 
#OKS At  7700 : After 5 points 
2.936950, -1.267939, 6.287000 
2.920427, -4.663453, 6.287000 
-3.212845, -4.627833, 6.287000 
-3.161574, 5.428230, 6.287000 
2.958453, 5.409729, 6.287000 
#OKS At  7800 : After 4 points 
2.868889, -4.663153, 6.387000 
2.917900, 5.408484, 6.387000 
-3.161581, 5.426863, 6.387000 
-3.212845, -4.627833, 6.387000 
#OKS At  7900 : After 4 points 
2.817351, -4.662854, 6.487000 
2.866354, 5.407272, 6.487000 
-3.161588, 5.425496, 6.487000 
-3.212845, -4.627833, 6.487000 
#OKS At  8000 : After 4 points 
2.765813, -4.662555, 6.587000 
2.814809, 5.406061, 6.587000 
-3.161595, 5.424128, 6.587000 
-3.212845, -4.627833, 6.587000 
#OKS At  8100 : After 4 points 
2.714276, -4.662255, 6.687000 
2.763264, 5.404849, 6.687000 
-3.161602, 5.422761, 6.687000 
-3.212845, -4.627833, 6.687000 
#OKS At  8200 : After 4 points 
2.662738, -4.661956, 6.787000 
2.711719, 5.403637, 6.787000 
-3.161609, 5.421393, 6.787000 
-3.212845, -4.627833, 6.787000 
#OKS At  8300 : After 4 points 
2.611200, -4.661657, 6.887000 
2.660174, 5.402426, 6.887000 
-3.161616, 5.420026, 6.887000 
-3.212845, -4.627833, 6.887000 
#OKS At  8400 : After 4 points 
2.559662, -4.661357, 6.987000 
2.608628, 5.401214, 6.987000 
-3.161623, 5.418658, 6.987000 
-3.212845, -4.627833, 6.987000 
#OKS At  8500 : After 4 points 
2.508124, -4.661058, 7.087000 
2.557083, 5.400003, 7.087000 
-3.161630, 5.417291, 7.087000 
-3.212845, -4.627833, 7.087000 
#OKS At  8600 : After 4 points 
2.456586, -4.660759, 7.187000 
2.505538, 5.398791, 7.187000 
-3.161637, 5.415924, 7.187000 
-3.212845, -4.627833, 7.187000 
#OKS At  8700 : After 4 points 
2.405048, -4.660459, 7.287000 
2.453993, 5.397579, 7.287000 
-3.161644, 5.414556, 7.287000 
-3.212845, -4.627833, 7.287000 
#OKS At  8800 : After 4 points 
2.353510, -4.660160, 7.387000 
2.402447, 5.396368, 7.387000 
-3.161651, 5.413189, 7.387000 
-3.212845, -4.627833, 7.387000 
#OKS At  8900 : After 4 points 
2.301973, -4.659861, 7.487000 
2.350902, 5.395156, 7.487000 
-3.161658, 5.411821, 7.487000 
-3.212845, -4.627833, 7.487000 
#OKS At  9000 : After 4 points 
2.250435, -4.659561, 7.587000 
2.299357, 5.393944, 7.587000 
-3.161665, 5.410454, 7.587000 
-3.212845, -4.627833, 7.587000 
#OKS At  9100 : After 4 points 
2.198897, -4.659262, 7.687000 
2.247812, 5.392733, 7.687000 
-3.161672, 5.409086, 7.687000 
-3.212845, -4.627833, 7.687000 
#OKS At  9200 : After 4 points 
2.147359, -4.658963, 7.787000 
2.196266, 5.391521, 7.787000 
-3.161679, 5.407719, 7.787000 
-3.212845, -4.627833, 7.787000 
#OKS At  9300 : After 4 points 
2.144721, 5.390310, 7.887000 
2.144069, 5.256351, 7.887000 
-3.167102, 4.344042, 7.887000 
-3.161686, 5.406352, 7.887000 
