   Point ID     ,  Hz.(º ' "),  V.(º ' "),Slope Dist.(m),Refl.Ht.(m),Inst.Ht.(m),Easting(m),  Northing(m),  Height(m)
7SYJG           ,    0 00 01 ,   88 58 59,          0,      0.000,      0.000,            0,            0,          0
2               ,   14 38 34 ,   89 12 14,      1.409,      0.000,      0.000,        0.356,        1.363,      0.020
3               ,  198 14 05 ,  146 24 28,      2.006,      0.000,      0.000,       -0.347,       -1.054,     -1.671
4               ,  199 45 01 ,  147 30 08,      1.981,      0.000,      0.000,       -0.360,       -1.002,     -1.671
5               ,  202 23 05 ,  146 32 51,      2.001,      0.000,      0.000,       -0.420,       -1.020,     -1.669
6               ,  199 01 55 ,    4 28 32,      7.618,      0.000,      0.000,       -0.194,       -0.562,      7.595
7               ,  237 50 47 ,    4 28 29,      7.618,      0.000,      0.000,       -0.503,       -0.316,      7.595
8               ,  231 47 25 ,    4 28 29,      7.618,      0.000,      0.000,       -0.467,       -0.368,      7.595
9               ,  308 40 17 ,  116 44 12,      2.506,      0.000,      0.000,       -1.748,        1.399,     -1.128
10              ,  317 57 34 ,  108 14 15,      1.967,      0.000,      0.000,       -1.251,        1.388,     -0.616
11              ,  310 08 07 ,   87 16 45,      2.194,      0.000,      0.000,       -1.675,        1.413,      0.104
12              ,  318 31 44 ,   68 04 07,      2.027,      0.000,      0.000,       -1.245,        1.409,      0.757
13              ,  309 53 38 ,   48 57 39,      2.983,      0.000,      0.000,       -1.726,        1.443,      1.959
14              ,  319 39 04 ,   33 22 38,      3.457,      0.000,      0.000,       -1.231,        1.449,      2.887
15              ,  311 09 25 ,   30 10 01,      4.463,      0.000,      0.000,       -1.689,        1.476,      3.858
16              ,  316 15 55 ,   19 23 51,      6.275,      0.000,      0.000,       -1.441,        1.506,      5.919
17              ,  351 28 18 ,   90 35 28,      1.393,      0.000,      0.000,       -0.207,        1.378,     -0.014
18              ,   12 44 27 ,  107 42 53,      1.472,      0.000,      0.000,        0.309,        1.368,     -0.448
19              ,   12 44 08 ,   60 53 49,      1.630,      0.000,      0.000,        0.314,        1.389,      0.793
20              ,  353 26 10 ,   51 19 25,      1.800,      0.000,      0.000,       -0.161,        1.396,      1.125
21              ,   11 01 29 ,   32 24 02,      2.687,      0.000,      0.000,        0.275,        1.413,      2.269
22              ,  353 20 49 ,   24 47 54,      3.438,      0.000,      0.000,       -0.167,        1.432,      3.121
23              ,   13 27 44 ,   20 53 01,      4.148,      0.000,      0.000,        0.344,        1.438,      3.876
24              ,  351 59 43 ,   21 31 56,      3.967,      0.000,      0.000,       -0.203,        1.442,      3.690
25              ,   15 23 34 ,   19 05 37,      4.582,      0.000,      0.000,        0.398,        1.445,      4.330
26              ,   48 30 12 ,  125 05 53,      2.448,      0.000,      0.000,        1.500,        1.327,     -1.408
27              ,   56 12 38 ,  122 23 05,      2.804,      0.000,      0.000,        1.968,        1.317,     -1.502
28              ,   56 13 01 ,  114 07 30,      2.609,      0.000,      0.000,        1.979,        1.324,     -1.066
29              ,   47 18 39 ,   98 33 30,      2.009,      0.000,      0.000,        1.460,        1.347,     -0.299
30              ,   54 07 48 ,   82 59 21,      2.318,      0.000,      0.000,        1.865,        1.348,      0.283
31              ,   47 53 23 ,   69 56 33,      2.164,      0.000,      0.000,        1.508,        1.363,      0.742
32              ,   53 40 28 ,   53 05 58,      2.898,      0.000,      0.000,        1.867,        1.373,      1.740
33              ,   47 13 45 ,   41 03 41,      3.117,      0.000,      0.000,        1.503,        1.390,      2.350
34              ,   52 17 59 ,   31 13 30,      4.443,      0.000,      0.000,        1.822,        1.408,      3.799
35              ,   45 17 01 ,   23 25 55,      5.094,      0.000,      0.000,        1.440,        1.425,      4.674
36              ,   50 44 16 ,   19 58 28,      6.703,      0.000,      0.000,        1.773,        1.449,      6.299
37              ,   45 36 50 ,   17 59 35,      6.710,      0.000,      0.000,        1.481,        1.450,      6.381
38              ,   66 56 33 ,  114 40 11,      3.643,      0.000,      0.000,        3.046,        1.296,     -1.520
39              ,   69 37 53 ,  105 42 02,      3.891,      0.000,      0.000,        3.511,        1.304,     -1.053
40              ,   66 36 15 ,   94 14 42,      3.318,      0.000,      0.000,        3.037,        1.314,     -0.246
41              ,   69 09 24 ,   82 42 31,      3.761,      0.000,      0.000,        3.486,        1.327,      0.477
42              ,   66 39 30 ,   70 25 49,      3.561,      0.000,      0.000,        3.081,        1.330,      1.193
43              ,   68 23 17 ,   58 43 36,      4.322,      0.000,      0.000,        3.434,        1.360,      2.243
44              ,   65 55 36 ,   50 16 57,      4.339,      0.000,      0.000,        3.047,        1.361,      2.773
45              ,   67 35 48 ,   41 26 52,      5.553,      0.000,      0.000,        3.399,        1.401,      4.163
46              ,   65 33 57 ,   33 50 56,      5.996,      0.000,      0.000,        3.041,        1.382,      4.980
47              ,  347 51 45 ,  106 31 16,      2.279,      0.000,      0.000,       -0.459,        2.136,     -0.648
48              ,  337 38 11 ,   86 27 30,      2.334,      0.000,      0.000,       -0.886,        2.154,      0.144
49              ,  347 34 51 ,   67 16 53,      2.398,      0.000,      0.000,       -0.476,        2.160,      0.926
50              ,  337 48 56 ,   54 40 56,      2.891,      0.000,      0.000,       -0.891,        2.184,      1.671
51              ,  347 14 32 ,   39 44 15,      3.517,      0.000,      0.000,       -0.497,        2.193,      2.705
52              ,  337 47 44 ,   31 29 25,      4.608,      0.000,      0.000,       -0.910,        2.228,      3.929
53              ,  346 10 42 ,   25 56 50,      5.251,      0.000,      0.000,       -0.549,        2.231,      4.722
54              ,  337 57 21 ,   24 32 53,      5.848,      0.000,      0.000,       -0.912,        2.252,      5.319
55              ,   19 45 01 ,   19 07 21,      7.266,      0.000,      0.000,        0.804,        2.240,      6.865
56              ,   27 39 09 ,   21 11 35,      6.952,      0.000,      0.000,        1.166,        2.226,      6.482
57              ,   20 19 11 ,   24 27 32,      5.701,      0.000,      0.000,        0.820,        2.213,      5.189
58              ,   27 10 35 ,   28 40 52,      5.145,      0.000,      0.000,        1.128,        2.196,      4.513
59              ,   19 09 49 ,   35 42 22,      3.960,      0.000,      0.000,        0.759,        2.183,      3.216
60              ,   28 06 44 ,   48 15 14,      3.283,      0.000,      0.000,        1.154,        2.160,      2.186
61              ,   19 36 23 ,   57 10 37,      2.721,      0.000,      0.000,        0.767,        2.154,      1.475
62              ,   28 25 19 ,   72 43 44,      2.542,      0.000,      0.000,        1.155,        2.135,      0.755
63              ,   18 46 07 ,   86 12 30,      2.260,      0.000,      0.000,        0.725,        2.135,      0.149
64              ,   28 35 04 ,  105 33 20,      2.492,      0.000,      0.000,        1.149,        2.108,     -0.668
65              ,   79 35 34 ,  114 38 00,      3.568,      0.000,      0.000,        3.190,        0.586,     -1.487
66              ,   89 31 26 ,  106 29 09,      3.323,      0.000,      0.000,        3.186,        0.026,     -0.943
67              ,   79 53 26 ,   95 07 28,      3.249,      0.000,      0.000,        3.185,        0.568,     -0.290
68              ,   88 54 30 ,   82 43 32,      3.202,      0.000,      0.000,        3.176,        0.061,      0.405
69              ,   78 16 00 ,   84 09 07,      3.258,      0.000,      0.000,        3.173,        0.659,      0.332
70              ,   88 05 33 ,   56 45 18,      3.775,      0.000,      0.000,        3.155,        0.105,      2.069
71              ,   83 25 40 ,   52 07 54,      4.028,      0.000,      0.000,        3.159,        0.364,      2.473
72              ,   87 53 22 ,   51 50 41,      4.007,      0.000,      0.000,        3.149,        0.116,      2.476
73              ,   79 04 13 ,   26 53 08,      7.010,      0.000,      0.000,        3.112,        0.601,      6.252
74              ,   87 07 16 ,   26 11 27,      7.023,      0.000,      0.000,        3.096,        0.156,      6.302
75              ,   87 01 08 ,   24 33 25,      7.446,      0.000,      0.000,        3.090,        0.161,      6.772
76              ,   82 28 56 ,   24 33 24,      7.515,      0.000,      0.000,        3.096,        0.409,      6.835
77              ,   82 21 51 ,   22 59 52,      7.988,      0.000,      0.000,        3.093,        0.415,      7.353
78              ,   85 38 17 ,   22 38 24,      8.045,      0.000,      0.000,        3.088,        0.236,      7.425
79              ,   93 53 20 ,  108 43 13,      4.173,      0.000,      0.000,        3.944,       -0.268,     -1.339
80              ,  100 21 11 ,  108 45 55,      4.207,      0.000,      0.000,        3.919,       -0.716,     -1.353
81              ,   94 10 51 ,   99 42 18,      4.004,      0.000,      0.000,        3.936,       -0.288,     -0.675
82              ,   99 50 16 ,   91 49 36,      3.973,      0.000,      0.000,        3.913,       -0.678,     -0.127
83              ,   93 35 48 ,   83 37 27,      3.958,      0.000,      0.000,        3.926,       -0.247,      0.440
84              ,   99 49 39 ,   74 51 43,      4.100,      0.000,      0.000,        3.899,       -0.675,      1.071
85              ,   94 02 43 ,   56 54 35,      4.658,      0.000,      0.000,        3.893,       -0.275,      2.543
86              ,  100 35 10 ,   50 28 08,      5.090,      0.000,      0.000,        3.859,       -0.721,      3.240
87              ,   92 23 25 ,   26 48 13,      8.509,      0.000,      0.000,        3.834,       -0.160,      7.595
88              ,   99 44 29 ,   27 06 24,      8.516,      0.000,      0.000,        3.824,       -0.657,      7.581
89              ,  114 09 48 ,  112 23 05,      4.031,      0.000,      0.000,        3.400,       -1.526,     -1.535
90              ,  118 22 06 ,  103 10 27,      3.279,      0.000,      0.000,        2.809,       -1.517,     -0.747
91              ,  114 24 57 ,   92 30 13,      3.684,      0.000,      0.000,        3.352,       -1.522,     -0.161
92              ,  118 54 54 ,   80 39 55,      3.150,      0.000,      0.000,        2.721,       -1.503,      0.511
93              ,  113 47 12 ,   72 12 24,      3.914,      0.000,      0.000,        3.410,       -1.503,      1.196
94              ,  118 50 12 ,   59 12 33,      3.588,      0.000,      0.000,        2.700,       -1.487,      1.837
95              ,  114 29 41 ,   53 00 04,      4.490,      0.000,      0.000,        3.263,       -1.487,      2.702
96              ,  117 39 34 ,   48 08 38,      4.259,      0.000,      0.000,        2.809,       -1.472,      2.842
97              ,  114 11 51 ,   47 06 54,      4.941,      0.000,      0.000,        3.302,       -1.484,      3.363
98              ,  121 36 11 ,   30 07 00,      5.550,      0.000,      0.000,        2.372,       -1.459,      4.800
99              ,  115 52 41 ,   28 25 24,      7.114,      0.000,      0.000,        3.047,       -1.478,      6.257
100             ,  157 31 04 ,   13 22 43,      6.578,      0.000,      0.000,        0.582,       -1.406,      6.399
101             ,  159 54 26 ,   16 11 39,      5.284,      0.000,      0.000,        0.506,       -1.384,      5.074
102             ,  163 11 48 ,   19 33 36,      4.297,      0.000,      0.000,        0.416,       -1.377,      4.049
103             ,  128 40 40 ,   29 20 55,      4.639,      0.000,      0.000,        1.775,       -1.421,      4.044
104             ,  131 10 21 ,   33 07 20,      3.971,      0.000,      0.000,        1.633,       -1.428,      3.325
105             ,  140 35 11 ,   36 51 09,      3.084,      0.000,      0.000,        1.174,       -1.429,      2.468
106             ,  169 16 09 ,   28 11 09,      3.000,      0.000,      0.000,        0.264,       -1.392,      2.644
107             ,  175 22 02 ,   43 39 32,      2.063,      0.000,      0.000,        0.115,       -1.419,      1.492
108             ,  147 48 09 ,   42 37 01,      2.491,      0.000,      0.000,        0.899,       -1.427,      1.833
109             ,  135 37 25 ,   62 44 06,      2.297,      0.000,      0.000,        1.428,       -1.459,      1.052
110             ,  137 08 04 ,   89 21 35,      2.001,      0.000,      0.000,        1.361,       -1.467,      0.022
111             ,  164 16 31 ,   89 21 29,      1.497,      0.000,      0.000,        0.406,       -1.441,      0.017
112             ,  164 16 09 ,  112 11 36,      1.627,      0.000,      0.000,        0.408,       -1.450,     -0.614
113             ,  139 36 16 ,  110 09 36,      2.058,      0.000,      0.000,        1.252,       -1.471,     -0.709
114             ,  199 06 27 ,  118 39 50,      1.725,      0.000,      0.000,       -0.495,       -1.430,     -0.827
115             ,  182 51 43 ,   87 38 49,      1.430,      0.000,      0.000,       -0.071,       -1.427,      0.059
116             ,  207 03 54 ,   80 30 43,      1.606,      0.000,      0.000,       -0.721,       -1.411,      0.265
117             ,  175 23 32 ,   58 49 16,      1.674,      0.000,      0.000,        0.115,       -1.428,      0.867
118             ,  207 44 03 ,   53 55 01,      1.971,      0.000,      0.000,       -0.741,       -1.410,      1.161
119             ,  189 15 16 ,   42 44 12,      2.105,      0.000,      0.000,       -0.230,       -1.410,      1.546
120             ,  212 15 50 ,   33 31 41,      2.947,      0.000,      0.000,       -0.869,       -1.376,      2.456
121             ,  193 01 47 ,   24 38 48,      3.387,      0.000,      0.000,       -0.318,       -1.376,      3.078
122             ,  213 56 31 ,   23 27 25,      4.080,      0.000,      0.000,       -0.907,       -1.347,      3.743
123             ,  187 04 00 ,   13 36 38,      5.875,      0.000,      0.000,       -0.170,       -1.372,      5.710
124             ,  221 16 46 ,   21 25 38,      4.906,      0.000,      0.000,       -1.182,       -1.347,      4.567
125             ,  225 02 27 ,   23 00 50,      4.867,      0.000,      0.000,       -1.346,       -1.344,      4.479
126             ,  228 37 16 ,   23 59 04,      5.016,      0.000,      0.000,       -1.530,       -1.348,      4.583
127             ,  236 39 43 ,   32 30 52,      4.588,      0.000,      0.000,       -2.060,       -1.355,      3.869
128             ,  224 05 23 ,   37 03 04,      3.158,      0.000,      0.000,       -1.324,       -1.367,      2.520
129             ,  233 14 32 ,   39 05 58,      3.612,      0.000,      0.000,       -1.825,       -1.363,      2.803
130             ,  241 29 36 ,   52 53 52,      3.515,      0.000,      0.000,       -2.464,       -1.338,      2.121
131             ,  241 29 23 ,   66 16 33,      3.081,      0.000,      0.000,       -2.479,       -1.346,      1.240
132             ,  229 58 56 ,   62 31 04,      2.442,      0.000,      0.000,       -1.659,       -1.393,      1.127
133             ,  207 16 16 ,   56 38 40,      1.901,      0.000,      0.000,       -0.728,       -1.411,      1.045
134             ,  207 16 30 ,   81 34 26,      1.604,      0.000,      0.000,       -0.727,       -1.410,      0.235
135             ,  226 49 46 ,   81 34 40,      2.069,      0.000,      0.000,       -1.493,       -1.400,      0.303
136             ,  240 37 13 ,   82 38 51,      2.807,      0.000,      0.000,       -2.426,       -1.366,      0.359
137             ,  238 32 03 ,   94 34 53,      2.641,      0.000,      0.000,       -2.245,       -1.374,     -0.211
138             ,  226 30 12 ,   95 28 16,      2.050,      0.000,      0.000,       -1.480,       -1.404,     -0.195
139             ,  210 03 51 ,   95 28 11,      1.642,      0.000,      0.000,       -0.819,       -1.414,     -0.156
140             ,  180 13 59 ,   96 12 08,      1.441,      0.000,      0.000,       -0.006,       -1.433,     -0.156
141             ,  180 14 15 ,  118 37 15,      1.641,      0.000,      0.000,       -0.006,       -1.440,     -0.786
142             ,  211 54 44 ,  117 14 43,      1.884,      0.000,      0.000,       -0.885,       -1.422,     -0.863
143             ,  228 00 17 ,  110 49 24,      2.245,      0.000,      0.000,       -1.560,       -1.404,     -0.798
144             ,  236 15 12 ,  107 12 56,      2.622,      0.000,      0.000,       -2.082,       -1.391,     -0.776
145             ,  306 54 58 ,   14 16 56,      7.830,      0.000,      0.000,       -1.544,        1.160,      7.588
146             ,  337 43 22 ,   15 26 18,      7.877,      0.000,      0.000,       -0.795,        1.940,      7.593
147             ,  311 03 30 ,    8 41 49,      7.671,      0.000,      0.000,       -0.875,        0.762,      7.583
148             ,  240 30 36 ,    4 08 25,      7.616,      0.000,      0.000,       -0.479,       -0.271,      7.596
149             ,   17 29 21 ,    4 08 24,          0,      0.000,      0.000,            0,            0,          0
150             ,   26 23 12 ,   15 54 18,      7.904,      0.000,      0.000,        0.963,        1.940,      7.602
151             ,   53 43 49 ,    6 44 16,      7.639,      0.000,      0.000,        0.723,        0.530,      7.586
152             ,  125 51 02 ,    6 44 14,      7.647,      0.000,      0.000,        0.727,       -0.525,      7.594
153             ,   54 52 12 ,   22 31 00,      8.235,      0.000,      0.000,        2.579,        1.815,      7.607
154             ,   82 20 29 ,   21 46 12,      8.192,      0.000,      0.000,        3.011,        0.405,      7.607
155             ,  100 27 15 ,   24 57 25,      8.393,      0.000,      0.000,        3.483,       -0.643,      7.610
156             ,  335 36 26 ,  126 17 56,      2.886,      0.000,      0.000,       -0.961,        2.118,     -1.708
157             ,  289 24 17 ,  145 41 47,      2.053,      0.000,      0.000,       -1.091,        0.384,     -1.696
158             ,  334 14 35 ,  147 56 31,      2.008,      0.000,      0.000,       -0.463,        0.960,     -1.701
159             ,   22 52 06 ,  127 55 17,      2.748,      0.000,      0.000,        0.842,        1.997,     -1.689
160             ,   26 16 03 ,  147 32 04,      2.004,      0.000,      0.000,        0.476,        0.964,     -1.691
161             ,   60 43 32 ,  129 22 48,      2.646,      0.000,      0.000,        1.784,        1.000,     -1.679
162             ,   58 19 35 ,  118 28 58,      3.516,      0.000,      0.000,        2.630,        1.623,     -1.677
163             ,   70 21 24 ,  114 28 58,      4.020,      0.000,      0.000,        3.446,        1.230,     -1.666
164             ,   78 49 11 ,  119 25 16,      3.403,      0.000,      0.000,        2.908,        0.575,     -1.672
165             ,   75 50 53 ,  126 02 19,      2.848,      0.000,      0.000,        2.233,        0.563,     -1.676
166             ,   72 34 47 ,  131 44 06,      2.523,      0.000,      0.000,        1.796,        0.564,     -1.680
167             ,   72 34 47 ,  151 58 28,      1.911,      0.000,      0.000,        0.857,        0.269,     -1.687
168             ,   91 10 55 ,  120 14 47,      3.310,      0.000,      0.000,        2.859,       -0.059,     -1.668
169             ,   96 44 56 ,  114 01 02,      4.071,      0.000,      0.000,        3.692,       -0.437,     -1.657
170             ,  119 20 14 ,  119 32 56,      3.364,      0.000,      0.000,        2.551,       -1.434,     -1.659
171             ,  112 03 27 ,  113 38 40,      4.112,      0.000,      0.000,        3.491,       -1.415,     -1.649
172             ,  117 59 27 ,  135 28 52,      2.353,      0.000,      0.000,        1.457,       -0.774,     -1.678
173             ,   91 01 02 ,  130 16 00,      2.598,      0.000,      0.000,        1.982,       -0.035,     -1.679
174             ,   95 29 59 ,  147 41 04,      1.992,      0.000,      0.000,        1.060,       -0.102,     -1.684
175             ,  136 32 01 ,  147 40 08,      1.986,      0.000,      0.000,        0.731,       -0.771,     -1.678
176             ,  143 09 02 ,  133 42 38,      2.420,      0.000,      0.000,        1.049,       -1.400,     -1.672
177             ,  164 15 34 ,  142 26 52,      2.119,      0.000,      0.000,        0.350,       -1.243,     -1.680
178             ,  168 54 53 ,  151 04 52,      1.918,      0.000,      0.000,        0.178,       -0.910,     -1.679
179             ,  240 34 19 ,  109 44 38,      2.661,      0.000,      0.000,       -2.181,       -1.231,     -0.899
180             ,  236 59 34 ,  118 55 49,      2.524,      0.000,      0.000,       -1.853,       -1.203,     -1.221
181             ,  253 51 23 ,  112 30 35,      2.501,      0.000,      0.000,       -2.220,       -0.642,     -0.958
182             ,  252 08 12 ,  120 30 54,      2.392,      0.000,      0.000,       -1.961,       -0.632,     -1.215
183             ,  270 26 09 ,  116 22 43,      2.451,      0.000,      0.000,       -2.196,        0.017,     -1.089
184             ,  276 52 54 ,  122 20 32,      2.420,      0.000,      0.000,       -2.030,        0.245,     -1.295
185             ,  291 30 49 ,  116 46 13,      2.677,      0.000,      0.000,       -2.223,        0.876,     -1.206
186             ,  304 27 06 ,  118 46 38,      2.931,      0.000,      0.000,       -2.118,        1.453,     -1.411
187             ,  306 53 26 ,  115 18 48,      3.102,      0.000,      0.000,       -2.243,        1.683,     -1.326
188             ,  306 53 22 ,  109 57 12,      3.141,      0.000,      0.000,       -2.361,        1.772,     -1.072
189             ,  306 53 24 ,  101 08 23,      3.151,      0.000,      0.000,       -2.472,        1.856,     -0.609
190             ,  306 52 59 ,   93 37 50,      3.220,      0.000,      0.000,       -2.571,        1.929,     -0.204
191             ,  295 22 12 ,  100 03 03,      2.773,      0.000,      0.000,       -2.467,        1.170,     -0.484
192             ,  289 46 33 ,  111 10 29,      2.667,      0.000,      0.000,       -2.341,        0.842,     -0.963
193             ,  280 35 19 ,   95 04 47,      2.553,      0.000,      0.000,       -2.500,        0.467,     -0.226
194             ,  273 32 28 ,   84 01 07,      2.623,      0.000,      0.000,       -2.604,        0.161,      0.273
195             ,  273 32 11 ,   98 08 42,      2.485,      0.000,      0.000,       -2.456,        0.152,     -0.352
196             ,  267 19 33 ,  108 12 57,      2.464,      0.000,      0.000,       -2.338,       -0.109,     -0.770
197             ,  260 14 55 ,   93 29 35,      2.522,      0.000,      0.000,       -2.481,       -0.426,     -0.154
198             ,  260 21 44 ,   81 48 39,      2.670,      0.000,      0.000,       -2.606,       -0.442,      0.380
199             ,  245 18 54 ,   77 59 50,      2.952,      0.000,      0.000,       -2.623,       -1.206,      0.614
200             ,  245 18 19 ,   86 33 43,      2.778,      0.000,      0.000,       -2.520,       -1.159,      0.167
201             ,  244 08 47 ,   96 41 36,      2.692,      0.000,      0.000,       -2.406,       -1.166,     -0.314
202             ,  242 24 56 ,  103 13 16,      2.702,      0.000,      0.000,       -2.331,       -1.218,     -0.618
203             ,  254 39 13 ,  101 19 15,      2.524,      0.000,      0.000,       -2.387,       -0.655,     -0.496
204             ,  244 56 56 ,   72 52 38,      3.068,      0.000,      0.000,       -2.656,       -1.242,      0.903
205             ,  253 51 38 ,   73 24 05,      2.876,      0.000,      0.000,       -2.647,       -0.766,      0.821
206             ,  271 37 40 ,   77 47 57,      2.687,      0.000,      0.000,       -2.625,        0.075,      0.568
207             ,  289 15 51 ,   83 01 50,      2.784,      0.000,      0.000,       -2.609,        0.912,      0.338
208             ,  306 36 13 ,   88 28 50,      3.223,      0.000,      0.000,       -2.586,        1.921,      0.085
209             ,  306 36 10 ,   71 50 31,      3.397,      0.000,      0.000,       -2.592,        1.925,      1.059
210             ,  306 35 41 ,   59 02 14,      3.775,      0.000,      0.000,       -2.599,        1.930,      1.942
211             ,  289 45 28 ,   56 12 45,      3.349,      0.000,      0.000,       -2.619,        0.941,      1.862
212             ,  269 57 02 ,   54 21 52,      3.247,      0.000,      0.000,       -2.639,       -0.002,      1.892
213             ,  253 48 55 ,   55 03 17,      3.369,      0.000,      0.000,       -2.652,       -0.770,      1.930
214             ,  246 01 52 ,   49 23 13,      3.844,      0.000,      0.000,       -2.667,       -1.186,      2.502
215             ,  261 28 36 ,   46 38 46,      3.692,      0.000,      0.000,       -2.655,       -0.398,      2.534
216             ,  282 49 48 ,   46 41 19,      3.718,      0.000,      0.000,       -2.638,        0.601,      2.550
217             ,  298 09 36 ,   49 08 34,      3.922,      0.000,      0.000,       -2.615,        1.400,      2.566
218             ,  304 41 49 ,   40 46 03,      4.861,      0.000,      0.000,       -2.610,        1.807,      3.682
219             ,  288 29 52 ,   34 16 34,      4.928,      0.000,      0.000,       -2.632,        0.880,      4.072
220             ,  270 42 28 ,   32 57 03,      4.878,      0.000,      0.000,       -2.653,        0.033,      4.093
221             ,  258 35 15 ,   32 44 04,      5.021,      0.000,      0.000,       -2.662,       -0.537,      4.224
222             ,  245 47 16 ,   33 58 40,      5.247,      0.000,      0.000,       -2.675,       -1.203,      4.351
223             ,  269 30 04 ,   27 01 45,      5.862,      0.000,      0.000,       -2.664,       -0.023,      5.222
224             ,  280 53 13 ,   27 05 31,      5.938,      0.000,      0.000,       -2.656,        0.511,      5.287
225             ,  296 31 21 ,   28 49 25,      6.122,      0.000,      0.000,       -2.641,        1.318,      5.363
226             ,  306 59 30 ,   32 03 14,      6.192,      0.000,      0.000,       -2.625,        1.977,      5.248
227             ,  305 24 14 ,   23 21 24,      7.229,      0.000,      0.000,       -2.336,        1.660,      6.637
228             ,  288 48 34 ,   17 30 22,      7.448,      0.000,      0.000,       -2.121,        0.722,      7.103
229             ,  286 16 14 ,   19 11 07,      7.202,      0.000,      0.000,       -2.272,        0.663,      6.802
230             ,  274 02 25 ,   19 13 42,      7.105,      0.000,      0.000,       -2.334,        0.165,      6.709
231             ,  249 09 29 ,   20 28 33,      7.179,      0.000,      0.000,       -2.347,       -0.894,      6.726
232             ,   14 37 20 ,   89 40 28,      1.421,      0.000,      0.000,        0.359,        1.375,      0.008
233             ,  200 14 45 ,  147 35 21,      1.973,      0.000,      0.000,       -0.366,       -0.992,     -1.666
