#OKS At     0 : After 3 points 
0.930197, 0.598278, -1.229000 
0.885640, 0.212205, -1.229000 
0.237425, 0.689409, -1.229000 
#OKS At   100 : After 4 points 
0.361329, -3.491903, -1.129000 
-0.435388, 0.778250, -1.129000 
0.930236, 0.598610, -1.129000 
0.457005, -3.501767, -1.129000 
#OKS At   200 : After 4 points 
0.283087, -3.483836, -1.029000 
-0.514120, 0.788944, -1.029000 
0.930274, 0.598942, -1.029000 
0.457005, -3.501767, -1.029000 
#OKS At   300 : After 4 points 
0.204845, -3.475770, -0.929000 
-0.592852, 0.799638, -0.929000 
0.930312, 0.599274, -0.929000 
0.457005, -3.501767, -0.929000 
#OKS At   400 : After 4 points 
0.126603, -3.467703, -0.829000 
-0.671585, 0.810331, -0.829000 
0.930351, 0.599606, -0.829000 
0.457005, -3.501767, -0.829000 
#OKS At   500 : After 4 points 
0.048361, -3.459636, -0.729000 
-0.750317, 0.821025, -0.729000 
0.930389, 0.599937, -0.729000 
0.457005, -3.501767, -0.729000 
#OKS At   600 : After 4 points 
-0.029881, -3.451570, -0.629000 
-0.829049, 0.831719, -0.629000 
0.930427, 0.600269, -0.629000 
0.457005, -3.501767, -0.629000 
#OKS At   700 : After 5 points 
-0.808237, 0.308891, -0.529000 
-0.878345, 0.838540, -0.529000 
0.930466, 0.600601, -0.529000 
0.457005, -3.501767, -0.529000 
-0.108123, -3.443503, -0.529000 
#OKS At   800 : After 5 points 
-0.785525, -0.224127, -0.429000 
-0.927078, 0.845288, -0.429000 
0.930504, 0.600933, -0.429000 
0.457005, -3.501767, -0.429000 
-0.186365, -3.435436, -0.429000 
#OKS At   900 : After 6 points 
-0.966313, 0.780270, -0.329000 
-0.969479, 0.851202, -0.329000 
0.930542, 0.601265, -0.329000 
0.457005, -3.501767, -0.329000 
-0.264607, -3.427369, -0.329000 
-0.762812, -0.757144, -0.329000 
#OKS At  1000 : After 6 points 
-0.982214, 0.538973, -0.229000 
-0.996323, 0.855070, -0.229000 
0.930580, 0.601597, -0.229000 
0.457005, -3.501767, -0.229000 
-0.342849, -3.419303, -0.229000 
-0.740100, -1.290162, -0.229000 
#OKS At  1100 : After 6 points 
-0.998115, 0.297676, -0.129000 
-1.023168, 0.858938, -0.129000 
0.930619, 0.601928, -0.129000 
0.457005, -3.501767, -0.129000 
-0.421091, -3.411236, -0.129000 
-0.717387, -1.823180, -0.129000 
#OKS At  1200 : After 6 points 
-1.014016, 0.056379, -0.029000 
-1.050012, 0.862806, -0.029000 
0.930657, 0.602260, -0.029000 
0.457005, -3.501767, -0.029000 
-0.499333, -3.403169, -0.029000 
-0.694675, -2.356198, -0.029000 
#OKS At  1300 : After 6 points 
-1.029918, -0.184918, 0.071000 
-1.076857, 0.866674, 0.071000 
0.930695, 0.602592, 0.071000 
0.457005, -3.501767, 0.071000 
-0.577575, -3.395103, 0.071000 
-0.671962, -2.889215, 0.071000 
#OKS At  1400 : After 5 points 
-1.045819, -0.426214, 0.171000 
-1.103701, 0.870543, 0.171000 
0.930734, 0.602924, 0.171000 
0.457005, -3.501767, 0.171000 
-0.653882, -3.387235, 0.171000 
#OKS At  1500 : After 5 points 
-1.061720, -0.667511, 0.271000 
-1.130546, 0.874411, 0.271000 
0.930772, 0.603256, 0.271000 
0.457005, -3.501767, 0.271000 
-0.702384, -3.382235, 0.271000 
#OKS At  1600 : After 5 points 
-1.077621, -0.908808, 0.371000 
-1.157390, 0.878279, 0.371000 
0.930810, 0.603588, 0.371000 
0.457005, -3.501767, 0.371000 
-0.750887, -3.377234, 0.371000 
#OKS At  1700 : After 5 points 
-1.093522, -1.150105, 0.471000 
-1.184234, 0.882147, 0.471000 
0.930849, 0.603919, 0.471000 
0.457005, -3.501767, 0.471000 
-0.799389, -3.372234, 0.471000 
#OKS At  1800 : After 5 points 
-1.109424, -1.391402, 0.571000 
-1.211079, 0.886015, 0.571000 
0.930887, 0.604251, 0.571000 
0.457005, -3.501767, 0.571000 
-0.847892, -3.367233, 0.571000 
#OKS At  1900 : After 5 points 
-1.125325, -1.632699, 0.671000 
-1.237923, 0.889883, 0.671000 
0.930925, 0.604583, 0.671000 
0.457005, -3.501767, 0.671000 
-0.896394, -3.362232, 0.671000 
#OKS At  2000 : After 5 points 
-1.141226, -1.873995, 0.771000 
-1.264768, 0.893751, 0.771000 
0.930963, 0.604915, 0.771000 
0.457005, -3.501767, 0.771000 
-0.944897, -3.357232, 0.771000 
#OKS At  2100 : After 5 points 
-1.157127, -2.115292, 0.871000 
-1.291612, 0.897619, 0.871000 
0.931002, 0.605247, 0.871000 
0.457005, -3.501767, 0.871000 
-0.993399, -3.352231, 0.871000 
#OKS At  2200 : After 5 points 
-1.173028, -2.356589, 0.971000 
-1.318457, 0.901487, 0.971000 
0.931040, 0.605579, 0.971000 
0.457005, -3.501767, 0.971000 
-1.041902, -3.347231, 0.971000 
#OKS At  2300 : After 5 points 
-1.188930, -2.597886, 1.071000 
-1.345301, 0.905356, 1.071000 
0.931078, 0.605910, 1.071000 
0.457005, -3.501767, 1.071000 
-1.090404, -3.342230, 1.071000 
#OKS At  2400 : After 5 points 
-1.204831, -2.839183, 1.171000 
-1.372145, 0.909224, 1.171000 
0.931117, 0.606242, 1.171000 
0.457005, -3.501767, 1.171000 
-1.138907, -3.337230, 1.171000 
#OKS At  2500 : After 5 points 
-1.220732, -3.080480, 1.271000 
-1.398990, 0.913092, 1.271000 
0.931155, 0.606574, 1.271000 
0.457005, -3.501767, 1.271000 
-1.187409, -3.332229, 1.271000 
#OKS At  2600 : After 5 points 
-1.236633, -3.321776, 1.371000 
-1.425834, 0.916960, 1.371000 
0.931193, 0.606906, 1.371000 
0.457005, -3.501767, 1.371000 
-1.235912, -3.327228, 1.371000 
#OKS At  2700 : After 4 points 
-1.263187, -3.324416, 1.471000 
-1.452679, 0.920828, 1.471000 
0.931231, 0.607238, 1.471000 
0.457005, -3.501767, 1.471000 
#OKS At  2800 : After 4 points 
-1.289982, -3.321654, 1.571000 
-1.479523, 0.924696, 1.571000 
0.931270, 0.607570, 1.571000 
0.457005, -3.501767, 1.571000 
#OKS At  2900 : After 4 points 
-1.506368, 0.928564, 1.671000 
-1.396910, -1.523655, 1.671000 
0.658834, -1.752992, 1.671000 
0.931308, 0.607901, 1.671000 
#OKS At  3000 : After 4 points 
-1.533212, 0.932432, 1.771000 
-1.423681, -1.521438, 1.771000 
0.658746, -1.753752, 1.771000 
0.931346, 0.608233, 1.771000 
#OKS At  3100 : After 4 points 
-1.560056, 0.936300, 1.871000 
-1.450451, -1.519222, 1.871000 
0.658658, -1.754512, 1.871000 
0.931385, 0.608565, 1.871000 
#OKS At  3200 : After 4 points 
-1.586901, 0.940169, 1.971000 
-1.477222, -1.517005, 1.971000 
0.658571, -1.755272, 1.971000 
0.931423, 0.608897, 1.971000 
#OKS At  3300 : After 4 points 
-1.613745, 0.944037, 2.071000 
-1.503993, -1.514788, 2.071000 
0.658483, -1.756031, 2.071000 
0.931461, 0.609229, 2.071000 
#OKS At  3400 : After 4 points 
-1.640590, 0.947905, 2.171000 
-1.530764, -1.512571, 2.171000 
0.658395, -1.756791, 2.171000 
0.931500, 0.609561, 2.171000 
#OKS At  3500 : After 4 points 
-1.667434, 0.951773, 2.271000 
-1.557534, -1.510354, 2.271000 
0.658308, -1.757551, 2.271000 
0.931538, 0.609892, 2.271000 
