CHECKING DISTANT FROM POINTS TO AVERAGE PLANE TO REMOVE INCORRECT POINT. 

Distant of points(mm) belongs the plane 0 (50 points): 
18.36(27), 14.73(25), 14.34(18), 13.85(38), 13.11(40), 12.82(47), 12.77(29), 11.70(46), 11.53(42), 10.93(13), 10.67(26), 10.41(23), 10.16(15),  9.93(48),  9.88(17),  9.74(11),  9.67(9),  9.44(57),  8.79(19),  8.44(56),  8.37(28),  8.19(44),  7.57(21),  6.87(39),  6.75(16),  6.65(54),  6.31(24),  5.45(33),  5.01(20),  4.97(50),  4.67(49),  4.62(22),  4.52(41),  4.22(51),  4.17(36),  4.12(58),  3.68(30),  3.07(43),  3.03(55),  2.81(10),  2.80(35),  2.73(45),  2.05(34),  1.74(31),  1.48(52),  0.60(14),  0.39(32),  0.34(12),  0.13(37),  0.10(53), 
Distant of points(mm) belongs the plane 1 (38 points): 
22.46(60), 19.62(81), 17.47(96), 17.34(82), 17.19(59), 14.57(61), 14.35(80), 13.57(94), 13.32(76), 12.66(79), 12.54(83), 11.89(95), 11.47(71), 11.46(77), 10.87(78), 10.34(92),  9.94(88),  9.56(66),  8.89(69),  8.79(93),  8.10(84),  8.06(73),  7.45(87),  6.44(70),  6.23(67),  5.90(62),  5.73(89),  5.62(65),  5.17(90),  4.42(72),  3.86(91),  2.77(64),  2.76(68),  2.12(85),  0.98(86),  0.76(63),  0.48(74),  0.38(75), 
Distant of points(mm) belongs the plane 2 (59 points): 
18.47(130), 11.22(128), 10.66(108), 10.26(155), 10.06(134),  9.98(136),  9.63(121),  9.43(109),  9.14(118),  9.11(126),  8.90(120),  8.36(99),  8.12(117),  8.07(97),  7.99(154),  7.85(144),  7.64(132),  6.90(143),  6.72(138),  6.57(122),  6.28(153),  6.24(116),  6.03(131),  5.91(146),  5.71(141),  5.58(106),  4.84(105),  4.80(115),  4.69(104),  4.59(124),  4.49(151),  4.49(100),  4.49(119),  4.38(107),  4.26(98),  4.03(149),  3.61(103),  3.32(110),  3.27(139),  3.22(129),  3.09(127),  2.94(133),  2.83(140),  2.71(135),  2.42(102),  2.39(145),  2.33(123),  1.79(150),  1.78(147),  1.72(114),  1.62(113),  1.61(101),  1.32(137),  1.31(125),  1.15(112),  1.00(152),  0.72(148),  0.70(142),  0.05(111), 
Distant of points(mm) belongs the plane 3 (45 points): 
14.27(181), 14.06(183), 11.39(185),  9.06(179),  8.99(184),  8.12(160),  7.48(178),  6.79(196),  6.53(157),  6.41(198),  6.13(191),  5.80(186),  5.72(199),  5.62(192),  5.61(182),  5.40(173),  5.14(176),  4.56(200),  4.51(165),  4.29(189),  3.86(193),  3.84(156),  3.52(169),  3.52(195),  3.52(168),  3.50(167),  3.35(201),  3.24(162),  3.06(177),  3.04(158),  2.40(194),  2.06(175),  2.05(170),  2.04(164),  1.81(172),  1.67(188),  1.61(180),  1.59(161),  1.37(187),  1.36(163),  1.01(197),  0.90(174),  0.55(159),  0.55(166),  0.12(171), 
Distant of points(mm) belongs the plane 4 (46 points): 
27.07(239), 16.20(238), 14.23(215), 13.35(212), 12.21(217), 11.89(214),  9.95(216),  9.59(232),  9.08(210),  8.58(208),  8.45(244),  7.86(227),  7.33(222),  7.32(247),  7.10(219),  6.89(218),  6.59(229),  6.53(230),  6.42(240),  6.41(223),  6.33(233),  6.05(206),  5.74(202),  5.67(235),  5.53(203),  5.40(204),  4.72(246),  4.53(220),  4.50(207),  4.44(237),  4.17(245),  4.08(231),  2.93(205),  2.71(243),  2.62(221),  2.61(242),  2.34(225),  2.00(224),  1.80(228),  1.57(211),  1.15(236),  0.96(209),  0.56(234),  0.53(213),  0.49(241),  0.44(226), 
Distant of points(mm) belongs the plane 5 (41 points): 
15.93(256), 15.33(255), 14.39(277), 12.18(258), 11.96(259), 11.11(254), 10.63(261), 10.35(275), 10.01(257),  9.21(248),  7.56(278),  6.91(273),  6.74(279),  6.58(263),  6.39(287),  6.36(252),  5.77(285),  5.61(253),  5.55(251),  5.06(280),  4.15(288),  3.91(267),  3.58(250),  3.55(271),  3.52(268),  3.39(282),  2.99(270),  2.94(260),  2.83(249),  2.71(286),  2.22(264),  2.04(265),  1.76(266),  1.48(281),  1.36(276),  0.99(272),  0.86(274),  0.75(262),  0.37(283),  0.26(269),  0.06(284), 
Distant of points(mm) belongs the plane 6 (52 points): 
13.49(332),  8.92(336),  8.14(321),  7.37(335),  6.80(331),  6.58(315),  6.15(294),  5.95(309),  5.89(305),  5.73(293),  5.26(306),  4.43(320),  3.73(316),  3.63(330),  3.57(324),  3.54(308),  3.52(327),  3.48(328),  3.23(314),  2.75(299),  2.74(340),  2.65(339),  2.59(337),  2.35(311),  2.34(334),  2.03(302),  1.84(323),  1.50(291),  1.44(329),  1.41(304),  1.36(289),  1.35(307),  1.34(312),  1.30(295),  1.15(300),  1.09(301),  0.92(325),  0.80(290),  0.78(319),  0.58(303),  0.57(326),  0.49(318),  0.46(322),  0.43(317),  0.41(292),  0.39(296),  0.30(338),  0.28(298),  0.18(333),  0.11(297),  0.09(310),  0.09(313), 
Distant of points(mm) belongs the plane 7 (70 points): 
13.53(407), 13.10(353), 12.47(405), 11.85(341), 11.66(395), 11.15(348),  9.95(394),  9.87(352),  9.51(372),  9.37(379),  8.73(364),  8.55(396),  7.55(374),  7.43(386),  7.19(404),  6.96(397),  6.44(342),  5.99(410),  5.80(346),  5.72(370),  5.69(355),  5.51(344),  5.41(380),  5.27(401),  5.20(354),  4.96(402),  4.93(406),  4.65(393),  4.65(382),  3.83(356),  3.70(384),  3.70(363),  3.54(359),  3.54(345),  3.53(347),  3.39(367),  3.33(357),  3.00(349),  2.85(391),  2.66(350),  2.36(375),  2.25(399),  2.20(387),  2.11(390),  2.00(400),  1.90(408),  1.87(385),  1.81(389),  1.78(378),  1.68(362),  1.64(366),  1.61(368),  1.55(358),  1.49(377),  1.44(409),  1.32(351),  1.31(398),  1.30(388),  1.08(365),  0.96(383),  0.96(369),  0.86(343),  0.81(371),  0.74(373),  0.69(361),  0.58(376),  0.57(403),  0.32(381),  0.28(392),  0.07(360), 
Distant of points(mm) belongs the plane 8 (6 points): 
 6.43(415),  4.36(416),  3.33(413),  2.63(412),  0.87(414),  0.50(411), 
Distant of points(mm) belongs the plane 9 (10 points): 
 4.75(425),  3.54(418),  3.35(421),  3.28(424),  2.32(422),  1.69(423),  1.56(420),  1.29(417),  1.16(426),  0.66(419), 
Distant of points(mm) belongs the plane 10 (9 points): 
 5.22(435),  5.02(429),  4.35(427),  4.23(430),  3.99(428),  3.25(431),  2.57(434),  1.87(432),  0.36(433), 
Distant of points(mm) belongs the plane 11 (47 points): 
22.20(446), 13.29(439), 12.70(458), 11.97(469), 11.82(482), 11.43(477), 10.45(474),  9.68(481),  9.62(470),  9.48(478),  9.28(462),  8.87(436),  8.76(442),  7.12(445),  6.70(441),  6.68(468),  6.24(466),  5.88(471),  5.37(459),  5.32(440),  5.31(475),  5.20(451),  4.90(461),  4.66(480),  4.50(463),  4.11(437),  3.77(472),  3.32(447),  3.25(479),  3.17(450),  2.93(456),  2.37(443),  2.36(455),  2.14(452),  1.82(457),  1.80(476),  1.69(454),  1.69(438),  1.53(444),  1.43(467),  1.35(453),  1.05(460),  1.01(464),  0.62(473),  0.48(449),  0.44(448),  0.35(465), 
Distant of points(mm) belongs the plane 12 (11 points): 
 6.19(489),  5.53(486),  4.70(484),  4.08(493),  3.77(490),  2.87(487),  2.62(488),  2.19(483),  1.56(485),  1.00(491),  0.08(492), 
