#OKS At     0 : After 4 points 
-0.430465, -1.278410, -1.266000 
-0.487612, -1.069844, -1.266000 
0.916782, -1.119005, -1.266000 
0.922999, -1.196980, -1.266000 
#OKS At   100 : After 5 points 
-1.055573, 0.793442, -1.166000 
-1.247365, 1.669090, -1.166000 
0.686490, 1.769632, -1.166000 
0.922999, -1.196980, -1.166000 
-0.491201, -1.282064, -1.166000 
#OKS At   200 : After 5 points 
-1.086873, 0.705826, -1.066000 
-1.297168, 1.665949, -1.066000 
0.686534, 1.769083, -1.066000 
0.922999, -1.196980, -1.066000 
-0.551936, -1.285718, -1.066000 
#OKS At   300 : After 5 points 
-1.118173, 0.618210, -0.966000 
-1.346970, 1.662808, -0.966000 
0.686578, 1.768534, -0.966000 
0.922999, -1.196980, -0.966000 
-0.612672, -1.289372, -0.966000 
#OKS At   400 : After 5 points 
-1.149473, 0.530593, -0.866000 
-1.396773, 1.659667, -0.866000 
0.686621, 1.767985, -0.866000 
0.922999, -1.196980, -0.866000 
-0.673408, -1.293026, -0.866000 
#OKS At   500 : After 5 points 
-1.180773, 0.442977, -0.766000 
-1.446575, 1.656527, -0.766000 
0.686665, 1.767436, -0.766000 
0.922999, -1.196980, -0.766000 
-0.734143, -1.296680, -0.766000 
#OKS At   600 : After 5 points 
-1.212073, 0.355361, -0.666000 
-1.496378, 1.653386, -0.666000 
0.686709, 1.766887, -0.666000 
0.922999, -1.196980, -0.666000 
-0.794879, -1.300334, -0.666000 
#OKS At   700 : After 5 points 
-1.243373, 0.267745, -0.566000 
-1.546180, 1.650245, -0.566000 
0.686753, 1.766337, -0.566000 
0.922999, -1.196980, -0.566000 
-0.855615, -1.303988, -0.566000 
#OKS At   800 : After 7 points 
-1.569115, 1.637885, -0.466000 
-1.570156, 1.648447, -0.466000 
0.686796, 1.765788, -0.466000 
0.922999, -1.196980, -0.466000 
-0.916350, -1.307642, -0.466000 
-1.274673, 0.180128, -0.466000 
-1.484550, 1.138348, -0.466000 
#OKS At   900 : After 7 points 
-1.559040, 1.467305, -0.366000 
-1.576790, 1.647551, -0.366000 
0.686840, 1.765239, -0.366000 
0.922999, -1.196980, -0.366000 
-0.977086, -1.311296, -0.366000 
-1.305972, 0.092512, -0.366000 
-1.395503, 0.501272, -0.366000 
#OKS At  1000 : After 6 points 
-1.548964, 1.296724, -0.266000 
-1.583425, 1.646654, -0.266000 
0.686884, 1.764690, -0.266000 
0.922999, -1.196980, -0.266000 
-1.037821, -1.314950, -0.266000 
-1.302952, -0.156498, -0.266000 
#OKS At  1100 : After 6 points 
-1.538888, 1.126144, -0.166000 
-1.590059, 1.645758, -0.166000 
0.686928, 1.764141, -0.166000 
0.922999, -1.196980, -0.166000 
-1.098557, -1.318604, -0.166000 
-1.200224, -0.874383, -0.166000 
#OKS At  1200 : After 5 points 
-1.528812, 0.955564, -0.066000 
-1.596694, 1.644862, -0.066000 
0.686972, 1.763591, -0.066000 
0.922999, -1.196980, -0.066000 
-1.143368, -1.321300, -0.066000 
#OKS At  1300 : After 5 points 
-1.518736, 0.784984, 0.034000 
-1.603328, 1.643965, 0.034000 
0.687015, 1.763042, 0.034000 
0.922999, -1.196980, 0.034000 
-1.161980, -1.322420, 0.034000 
#OKS At  1400 : After 5 points 
-1.508660, 0.614404, 0.134000 
-1.609963, 1.643069, 0.134000 
0.687059, 1.762493, 0.134000 
0.922999, -1.196980, 0.134000 
-1.180591, -1.323540, 0.134000 
#OKS At  1500 : After 5 points 
-1.498584, 0.443824, 0.234000 
-1.616597, 1.642172, 0.234000 
0.687103, 1.761944, 0.234000 
0.922999, -1.196980, 0.234000 
-1.199203, -1.324660, 0.234000 
#OKS At  1600 : After 5 points 
-1.488508, 0.273244, 0.334000 
-1.623232, 1.641276, 0.334000 
0.687147, 1.761395, 0.334000 
0.922999, -1.196980, 0.334000 
-1.217814, -1.325779, 0.334000 
#OKS At  1700 : After 5 points 
-1.478432, 0.102664, 0.434000 
-1.629866, 1.640380, 0.434000 
0.687190, 1.760845, 0.434000 
0.922999, -1.196980, 0.434000 
-1.236426, -1.326899, 0.434000 
#OKS At  1800 : After 5 points 
-1.468357, -0.067917, 0.534000 
-1.636501, 1.639483, 0.534000 
0.687234, 1.760296, 0.534000 
0.922999, -1.196980, 0.534000 
-1.255038, -1.328019, 0.534000 
#OKS At  1900 : After 5 points 
-1.458281, -0.238497, 0.634000 
-1.643135, 1.638587, 0.634000 
0.687278, 1.759747, 0.634000 
0.922999, -1.196980, 0.634000 
-1.273649, -1.329139, 0.634000 
#OKS At  2000 : After 5 points 
-1.448205, -0.409077, 0.734000 
-1.649770, 1.637690, 0.734000 
0.687322, 1.759198, 0.734000 
0.922999, -1.196980, 0.734000 
-1.292261, -1.330258, 0.734000 
#OKS At  2100 : After 5 points 
-1.438129, -0.579657, 0.834000 
-1.656404, 1.636794, 0.834000 
0.687366, 1.758649, 0.834000 
0.922999, -1.196980, 0.834000 
-1.310872, -1.331378, 0.834000 
#OKS At  2200 : After 5 points 
-1.428053, -0.750237, 0.934000 
-1.663039, 1.635898, 0.934000 
0.687409, 1.758100, 0.934000 
0.922999, -1.196980, 0.934000 
-1.329484, -1.332498, 0.934000 
#OKS At  2300 : After 5 points 
-1.417977, -0.920817, 1.034000 
-1.669673, 1.635001, 1.034000 
0.687453, 1.757550, 1.034000 
0.922999, -1.196980, 1.034000 
-1.348095, -1.333618, 1.034000 
#OKS At  2400 : After 5 points 
-1.407901, -1.091397, 1.134000 
-1.676308, 1.634105, 1.134000 
0.687497, 1.757001, 1.134000 
0.922999, -1.196980, 1.134000 
-1.366707, -1.334737, 1.134000 
#OKS At  2500 : After 5 points 
-1.397825, -1.261977, 1.234000 
-1.682943, 1.633208, 1.234000 
0.687541, 1.756452, 1.234000 
0.922999, -1.196980, 1.234000 
-1.385319, -1.335857, 1.234000 
#OKS At  2600 : After 4 points 
-1.397202, -1.336572, 1.334000 
-1.689577, 1.632312, 1.334000 
0.687585, 1.755903, 1.334000 
0.922999, -1.196980, 1.334000 
#OKS At  2700 : After 4 points 
-1.403885, -1.336974, 1.434000 
-1.696212, 1.631416, 1.434000 
0.687628, 1.755354, 1.434000 
0.922999, -1.196980, 1.434000 
#OKS At  2800 : After 4 points 
-1.410569, -1.337376, 1.534000 
-1.702846, 1.630519, 1.534000 
0.687672, 1.754804, 1.534000 
0.922999, -1.196980, 1.534000 
#OKS At  2900 : After 4 points 
-1.417252, -1.337778, 1.634000 
-1.709481, 1.629623, 1.634000 
0.687716, 1.754255, 1.634000 
0.922999, -1.196980, 1.634000 
#OKS At  3000 : After 4 points 
-1.423935, -1.338180, 1.734000 
-1.716115, 1.628726, 1.734000 
0.687760, 1.753706, 1.734000 
0.922999, -1.196980, 1.734000 
#OKS At  3100 : After 4 points 
-1.430618, -1.338582, 1.834000 
-1.722750, 1.627830, 1.834000 
0.687803, 1.753157, 1.834000 
0.922999, -1.196980, 1.834000 
#OKS At  3200 : After 4 points 
-1.437301, -1.338984, 1.934000 
-1.729384, 1.626934, 1.934000 
0.687847, 1.752608, 1.934000 
0.922999, -1.196980, 1.934000 
#OKS At  3300 : After 4 points 
-1.443985, -1.339387, 2.034000 
-1.736019, 1.626037, 2.034000 
0.687891, 1.752058, 2.034000 
0.922999, -1.196980, 2.034000 
#OKS At  3400 : After 4 points 
-1.450668, -1.339789, 2.134000 
-1.742653, 1.625141, 2.134000 
0.687935, 1.751509, 2.134000 
0.922999, -1.196980, 2.134000 
#OKS At  3500 : After 4 points 
-1.457351, -1.340191, 2.234000 
-1.749288, 1.624244, 2.234000 
0.687979, 1.750960, 2.234000 
0.922999, -1.196980, 2.234000 
#OKS At  3600 : After 5 points 
-1.464034, -1.340593, 2.334000 
-1.755922, 1.623348, 2.334000 
0.688022, 1.750411, 2.334000 
0.899473, -0.901889, 2.334000 
-1.076015, -1.317248, 2.334000 
