   Point ID     ,  Hz.(º ' "),  V.(º ' "),Slope Dist.(m),Refl.Ht.(m),Inst.Ht.(m),Easting(m),  Northing(m),  Height(m)
ADG             ,  359 59 58 ,   90 10 00,          0,      0.000,      0.000,            0,            0,          0
2               ,  256 39 48 ,   87 01 19,      2.624,      0.000,      0.000,       -2.550,       -0.604,      0.136
3               ,    7 13 08 ,  145 03 49,      1.714,      0.000,      0.000,        0.123,        0.974,     -1.405
4               ,    5 51 50 ,  145 03 49,      1.713,      0.000,      0.000,        0.100,        0.976,     -1.405
5               ,    9 29 26 ,  143 55 24,      1.737,      0.000,      0.000,        0.169,        1.009,     -1.404
6               ,    7 40 22 ,    7 03 15,      7.925,      0.000,      0.000,        0.130,        0.965,      7.865
7               ,    2 02 42 ,    7 03 15,      7.924,      0.000,      0.000,        0.035,        0.972,      7.864
8               ,    8 13 52 ,    7 57 20,      7.943,      0.000,      0.000,        0.157,        1.088,      7.866
9               ,  337 43 18 ,   99 58 25,      7.169,      0.000,      0.000,       -2.677,        6.534,     -1.242
10              ,  337 43 25 ,   88 54 15,      7.068,      0.000,      0.000,       -2.679,        6.539,      0.135
11              ,  337 43 23 ,   78 26 54,      7.216,      0.000,      0.000,       -2.680,        6.542,      1.445
12              ,  337 43 21 ,   72 40 17,      7.419,      0.000,      0.000,       -2.685,        6.554,      2.210
13              ,  337 43 20 ,   63 31 29,      7.916,      0.000,      0.000,       -2.686,        6.557,      3.529
14              ,  337 43 22 ,   56 13 01,      8.523,      0.000,      0.000,       -2.686,        6.556,      4.739
15              ,  337 43 19 ,   49 08 18,      9.373,      0.000,      0.000,       -2.687,        6.560,      6.132
16              ,  337 43 22 ,   43 53 57,     10.227,      0.000,      0.000,       -2.688,        6.562,      7.369
17              ,  339 13 36 ,   42 15 20,     10.431,      0.000,      0.000,       -2.488,        6.558,      7.720
18              ,  339 13 36 ,   47 27 46,      9.521,      0.000,      0.000,       -2.488,        6.560,      6.437
19              ,  339 13 36 ,   53 45 14,      8.693,      0.000,      0.000,       -2.486,        6.555,      5.140
20              ,  339 13 37 ,   60 15 29,      8.075,      0.000,      0.000,       -2.487,        6.555,      4.006
21              ,  339 13 39 ,   67 58 12,      7.559,      0.000,      0.000,       -2.485,        6.551,      2.835
22              ,  339 13 38 ,   75 07 48,      7.242,      0.000,      0.000,       -2.482,        6.544,      1.858
23              ,  339 13 37 ,   80 44 56,      7.086,      0.000,      0.000,       -2.480,        6.539,      1.139
24              ,  339 13 36 ,   89 02 34,      6.993,      0.000,      0.000,       -2.480,        6.537,      0.117
25              ,  339 13 40 ,   99 48 55,      7.092,      0.000,      0.000,       -2.478,        6.534,     -1.209
26              ,  348 11 52 ,   99 47 47,      6.785,      0.000,      0.000,       -1.367,        6.544,     -1.154
27              ,  348 12 02 ,   89 14 40,      6.688,      0.000,      0.000,       -1.367,        6.546,      0.088
28              ,  348 11 58 ,   80 01 00,      6.792,      0.000,      0.000,       -1.368,        6.548,      1.177
29              ,  348 11 57 ,   71 12 19,      7.077,      0.000,      0.000,       -1.370,        6.558,      2.280
30              ,  348 11 55 ,   63 31 15,      7.486,      0.000,      0.000,       -1.370,        6.559,      3.338
31              ,  348 11 55 ,   54 42 31,      8.213,      0.000,      0.000,       -1.371,        6.562,      4.745
32              ,  348 11 59 ,   48 47 13,      8.916,      0.000,      0.000,       -1.372,        6.566,      5.875
33              ,  348 18 13 ,   41 25 20,     10.143,      0.000,      0.000,       -1.360,        6.571,      7.606
34              ,  352 08 47 ,   41 06 08,     10.085,      0.000,      0.000,       -0.906,        6.568,      7.600
35              ,  352 08 45 ,   47 08 32,      9.038,      0.000,      0.000,       -0.905,        6.563,      6.147
36              ,  352 08 43 ,   55 00 25,      8.084,      0.000,      0.000,       -0.905,        6.561,      4.636
37              ,  352 08 45 ,   65 09 59,      7.296,      0.000,      0.000,       -0.905,        6.559,      3.064
38              ,  352 08 44 ,   74 40 11,      6.861,      0.000,      0.000,       -0.904,        6.555,      1.814
39              ,  352 08 45 ,   85 32 27,      6.631,      0.000,      0.000,       -0.903,        6.549,      0.516
40              ,  352 09 03 ,   99 40 39,      6.704,      0.000,      0.000,       -0.902,        6.546,     -1.127
41              ,    1 59 18 ,   99 40 34,      6.662,      0.000,      0.000,        0.228,        6.564,     -1.120
42              ,    1 59 29 ,   89 48 11,      6.563,      0.000,      0.000,        0.228,        6.559,      0.023
43              ,    1 59 19 ,   79 56 11,      6.663,      0.000,      0.000,        0.228,        6.557,      1.164
44              ,    1 59 25 ,   70 22 46,      6.968,      0.000,      0.000,        0.228,        6.560,      2.340
45              ,    1 59 24 ,   60 06 31,      7.566,      0.000,      0.000,        0.228,        6.556,      3.771
46              ,    1 59 24 ,   52 02 59,      8.315,      0.000,      0.000,        0.228,        6.553,      5.114
47              ,    1 59 29 ,   46 07 24,      9.087,      0.000,      0.000,        0.228,        6.546,      6.298
48              ,    1 59 25 ,   40 46 45,     10.034,      0.000,      0.000,        0.228,        6.550,      7.598
49              ,    4 02 55 ,   40 46 44,     10.041,      0.000,      0.000,        0.463,        6.542,      7.603
50              ,    4 02 57 ,   48 40 14,      8.741,      0.000,      0.000,        0.464,        6.548,      5.773
51              ,    4 02 56 ,   55 27 57,      7.970,      0.000,      0.000,        0.464,        6.549,      4.518
52              ,    4 02 56 ,   65 45 27,      7.206,      0.000,      0.000,        0.464,        6.554,      2.959
53              ,    4 02 58 ,   74 44 46,      6.811,      0.000,      0.000,        0.464,        6.555,      1.792
54              ,    4 02 58 ,   84 32 06,      6.603,      0.000,      0.000,        0.464,        6.557,      0.629
55              ,    4 02 58 ,   93 40 43,      6.590,      0.000,      0.000,        0.464,        6.560,     -0.423
56              ,    4 03 00 ,  101 29 58,      6.713,      0.000,      0.000,        0.465,        6.562,     -1.338
57              ,   15 53 15 ,   90 38 15,      6.815,      0.000,      0.000,        1.865,        6.554,     -0.076
58              ,   15 53 20 ,   81 03 39,      6.892,      0.000,      0.000,        1.864,        6.548,      1.071
59              ,   15 53 19 ,   70 56 42,      7.207,      0.000,      0.000,        1.865,        6.552,      2.353
60              ,   15 53 20 ,   62 22 02,      7.685,      0.000,      0.000,        1.864,        6.548,      3.564
61              ,   15 53 20 ,   54 12 01,      8.391,      0.000,      0.000,        1.863,        6.546,      4.908
62              ,   15 53 21 ,   46 44 57,      9.338,      0.000,      0.000,        1.862,        6.541,      6.398
63              ,   15 53 17 ,   41 38 50,     10.232,      0.000,      0.000,        1.861,        6.540,      7.646
64              ,   19 00 04 ,   41 56 46,     10.334,      0.000,      0.000,        2.249,        6.531,      7.686
65              ,   19 00 02 ,   48 57 58,      9.174,      0.000,      0.000,        2.253,        6.543,      6.023
66              ,   19 00 03 ,   58 02 03,      8.163,      0.000,      0.000,        2.255,        6.548,      4.322
67              ,   19 00 02 ,   66 28 05,      7.561,      0.000,      0.000,        2.257,        6.554,      3.019
68              ,   19 00 02 ,   74 32 55,      7.192,      0.000,      0.000,        2.257,        6.554,      1.916
69              ,   19 00 00 ,   82 03 41,      7.001,      0.000,      0.000,        2.258,        6.557,      0.967
70              ,   19 00 04 ,   90 26 18,      6.937,      0.000,      0.000,        2.258,        6.559,     -0.053
71              ,   18 59 57 ,   99 25 14,      7.035,      0.000,      0.000,        2.260,        6.562,     -1.152
72              ,   16 29 30 ,   99 10 14,      6.930,      0.000,      0.000,        1.942,        6.560,     -1.104
73              ,   22 52 13 ,   94 36 18,      7.983,      0.000,      0.000,        3.093,        7.332,     -0.641
74              ,   22 52 14 ,   85 56 45,      7.976,      0.000,      0.000,        3.092,        7.331,      0.564
75              ,   22 52 15 ,   76 50 42,      8.159,      0.000,      0.000,        3.088,        7.321,      1.857
76              ,   22 52 17 ,   69 05 45,      8.494,      0.000,      0.000,        3.084,        7.311,      3.031
77              ,   22 52 16 ,   61 44 57,      9.005,      0.000,      0.000,        3.083,        7.309,      4.262
78              ,   22 52 16 ,   55 32 27,      9.613,      0.000,      0.000,        3.081,        7.303,      5.439
79              ,   22 52 12 ,   52 23 22,     10.000,      0.000,      0.000,        3.079,        7.299,      6.103
80              ,   20 42 16 ,   49 08 46,     10.329,      0.000,      0.000,        2.762,        7.308,      6.756
81              ,   20 42 14 ,   60 03 27,      9.030,      0.000,      0.000,        2.766,        7.319,      4.507
82              ,   20 42 12 ,   66 53 29,      8.509,      0.000,      0.000,        2.767,        7.321,      3.340
83              ,   20 42 12 ,   74 12 58,      8.138,      0.000,      0.000,        2.769,        7.326,      2.214
84              ,   20 42 13 ,   83 10 56,      7.893,      0.000,      0.000,        2.771,        7.331,      0.937
85              ,   20 42 17 ,   91 34 01,      7.838,      0.000,      0.000,        2.770,        7.329,     -0.214
86              ,   20 42 10 ,   94 12 15,      7.855,      0.000,      0.000,        2.770,        7.328,     -0.576
87              ,   11 47 08 ,   98 24 08,      7.566,      0.000,      0.000,        1.529,        7.327,     -1.106
88              ,   11 47 13 ,   90 02 46,      7.480,      0.000,      0.000,        1.528,        7.322,     -0.006
89              ,   11 47 18 ,   80 17 25,      7.580,      0.000,      0.000,        1.526,        7.313,      1.278
90              ,   11 47 16 ,   72 49 15,      7.816,      0.000,      0.000,        1.526,        7.310,      2.309
91              ,   11 47 13 ,   65 07 56,      8.230,      0.000,      0.000,        1.525,        7.309,      3.461
92              ,   11 47 14 ,   57 19 49,      8.865,      0.000,      0.000,        1.525,        7.305,      4.785
93              ,   11 47 14 ,   51 11 43,      9.575,      0.000,      0.000,        1.524,        7.305,      6.001
94              ,   11 32 01 ,   44 17 34,     10.674,      0.000,      0.000,        1.490,        7.303,      7.640
95              ,    8 38 54 ,   43 59 44,     10.634,      0.000,      0.000,        1.111,        7.302,      7.650
96              ,    8 38 53 ,   51 41 07,      9.413,      0.000,      0.000,        1.111,        7.302,      5.836
97              ,    9 04 57 ,   59 43 32,      8.566,      0.000,      0.000,        1.168,        7.305,      4.318
98              ,    9 05 03 ,   66 50 13,      8.050,      0.000,      0.000,        1.169,        7.308,      3.166
99              ,    9 11 02 ,   74 25 50,      7.686,      0.000,      0.000,        1.182,        7.309,      2.063
100             ,    9 10 56 ,   81 43 12,      7.489,      0.000,      0.000,        1.183,        7.316,      1.078
101             ,    9 17 45 ,   89 13 53,      7.417,      0.000,      0.000,        1.198,        7.319,      0.099
102             ,  359 31 15 ,  100 10 55,      7.445,      0.000,      0.000,       -0.061,        7.328,     -1.316
103             ,  359 31 23 ,   91 32 50,      7.330,      0.000,      0.000,       -0.061,        7.327,     -0.198
104             ,  359 31 26 ,   82 01 52,      7.395,      0.000,      0.000,       -0.061,        7.324,      1.025
105             ,  359 31 25 ,   72 55 45,      7.660,      0.000,      0.000,       -0.061,        7.322,      2.249
106             ,  359 31 24 ,   65 21 03,      8.055,      0.000,      0.000,       -0.061,        7.321,      3.360
107             ,  359 31 23 ,   57 22 06,      8.693,      0.000,      0.000,       -0.061,        7.320,      4.687
108             ,  359 31 22 ,   50 03 58,      9.546,      0.000,      0.000,       -0.061,        7.319,      6.127
109             ,  359 31 09 ,   43 25 54,     10.645,      0.000,      0.000,       -0.061,        7.318,      7.731
110             ,  355 47 47 ,   43 26 02,     10.688,      0.000,      0.000,       -0.539,        7.328,      7.761
111             ,  355 47 49 ,   51 02 09,      9.444,      0.000,      0.000,       -0.538,        7.324,      5.939
112             ,  355 47 48 ,   57 21 02,      8.720,      0.000,      0.000,       -0.538,        7.323,      4.705
113             ,  355 47 48 ,   64 32 24,      8.132,      0.000,      0.000,       -0.538,        7.322,      3.496
114             ,  355 47 47 ,   71 57 57,      7.721,      0.000,      0.000,       -0.538,        7.322,      2.390
115             ,  355 47 46 ,   80 42 42,      7.436,      0.000,      0.000,       -0.538,        7.318,      1.200
116             ,  355 47 46 ,   88 12 29,      7.343,      0.000,      0.000,       -0.538,        7.319,      0.230
117             ,  355 47 50 ,   99 16 18,      7.434,      0.000,      0.000,       -0.538,        7.317,     -1.198
118             ,  347 04 17 ,   99 16 29,      7.599,      0.000,      0.000,       -1.678,        7.310,     -1.225
119             ,  347 04 37 ,   89 08 59,      7.506,      0.000,      0.000,       -1.678,        7.315,      0.111
120             ,  347 04 37 ,   80 09 30,      7.620,      0.000,      0.000,       -1.679,        7.317,      1.302
121             ,  347 04 39 ,   71 19 18,      7.928,      0.000,      0.000,       -1.680,        7.320,      2.539
122             ,  347 04 36 ,   63 00 08,      8.433,      0.000,      0.000,       -1.680,        7.324,      3.828
123             ,  347 02 06 ,   54 31 22,      9.235,      0.000,      0.000,       -1.687,        7.329,      5.360
124             ,  347 02 09 ,   48 23 19,     10.062,      0.000,      0.000,       -1.688,        7.332,      6.682
125             ,  347 01 43 ,   44 16 14,     10.781,      0.000,      0.000,       -1.689,        7.334,      7.720
126             ,  343 27 18 ,   44 57 38,     10.815,      0.000,      0.000,       -2.176,        7.325,      7.652
127             ,  343 27 20 ,   50 47 19,      9.857,      0.000,      0.000,       -2.175,        7.321,      6.231
128             ,  343 27 18 ,   58 21 48,      8.965,      0.000,      0.000,       -2.174,        7.317,      4.702
129             ,  343 27 19 ,   66 04 31,      8.347,      0.000,      0.000,       -2.173,        7.314,      3.385
130             ,  343 27 19 ,   73 49 17,      7.940,      0.000,      0.000,       -2.172,        7.310,      2.212
131             ,  343 27 19 ,   82 45 59,      7.685,      0.000,      0.000,       -2.171,        7.308,      0.968
132             ,  343 27 18 ,   91 02 16,      7.624,      0.000,      0.000,       -2.171,        7.308,     -0.138
133             ,  343 42 55 ,   98 23 27,      7.696,      0.000,      0.000,       -2.135,        7.308,     -1.123
134             ,  336 40 10 ,  100 21 14,      6.570,      0.000,      0.000,       -2.560,        5.935,     -1.181
135             ,  336 40 18 ,   90 42 30,      6.483,      0.000,      0.000,       -2.567,        5.953,     -0.080
136             ,  336 40 19 ,   80 35 38,      6.594,      0.000,      0.000,       -2.576,        5.973,      1.078
137             ,  336 40 21 ,   69 39 52,      6.960,      0.000,      0.000,       -2.584,        5.993,      2.419
138             ,  336 40 21 ,   61 10 12,      7.459,      0.000,      0.000,       -2.587,        6.000,      3.597
139             ,  336 40 22 ,   53 25 57,      8.136,      0.000,      0.000,       -2.588,        6.000,      4.847
140             ,  336 40 20 ,   45 51 59,      9.116,      0.000,      0.000,       -2.591,        6.008,      6.348
141             ,  336 28 35 ,   40 48 55,      9.940,      0.000,      0.000,       -2.593,        5.957,      7.523
142             ,  334 35 17 ,   40 03 41,      9.418,      0.000,      0.000,       -2.601,        5.475,      7.208
143             ,  334 35 19 ,   46 22 02,      8.351,      0.000,      0.000,       -2.594,        5.460,      5.763
144             ,  334 35 19 ,   53 55 14,      7.451,      0.000,      0.000,       -2.584,        5.439,      4.388
145             ,  334 35 21 ,   62 13 43,      6.786,      0.000,      0.000,       -2.576,        5.423,      3.162
146             ,  334 43 51 ,   72 00 37,      6.338,      0.000,      0.000,       -2.573,        5.451,      1.957
147             ,  334 43 50 ,   83 32 52,      6.046,      0.000,      0.000,       -2.564,        5.433,      0.679
148             ,  334 43 50 ,   92 16 13,      5.999,      0.000,      0.000,       -2.559,        5.421,     -0.238
149             ,  335 05 25 ,  100 49 51,      6.172,      0.000,      0.000,       -2.553,        5.498,     -1.160
150             ,  329 28 35 ,  103 22 24,      5.176,      0.000,      0.000,       -2.558,        4.338,     -1.197
151             ,  329 28 38 ,   89 49 10,      5.050,      0.000,      0.000,       -2.565,        4.350,      0.016
152             ,  329 28 43 ,   74 53 51,      5.248,      0.000,      0.000,       -2.573,        4.365,      1.367
153             ,  329 28 41 ,   62 09 05,      5.757,      0.000,      0.000,       -2.585,        4.385,      2.689
154             ,  329 28 40 ,   51 42 11,      6.507,      0.000,      0.000,       -2.594,        4.399,      4.033
155             ,  329 28 38 ,   43 39 02,      7.421,      0.000,      0.000,       -2.602,        4.413,      5.370
156             ,  329 28 37 ,   37 53 04,      8.364,      0.000,      0.000,       -2.609,        4.425,      6.602
157             ,  329 12 56 ,   33 52 40,      9.134,      0.000,      0.000,       -2.606,        4.374,      7.584
158             ,  326 01 21 ,   33 52 57,      8.377,      0.000,      0.000,       -2.610,        3.873,      6.954
159             ,  326 01 23 ,   41 22 21,      7.033,      0.000,      0.000,       -2.598,        3.855,      5.277
160             ,  326 01 23 ,   47 34 05,      6.280,      0.000,      0.000,       -2.591,        3.844,      4.237
161             ,  326 01 29 ,   56 54 22,      5.515,      0.000,      0.000,       -2.582,        3.832,      3.011
162             ,  326 24 53 ,   71 08 32,      4.899,      0.000,      0.000,       -2.564,        3.862,      1.583
163             ,  326 24 51 ,   82 51 32,      4.672,      0.000,      0.000,       -2.564,        3.862,      0.581
164             ,  326 24 52 ,   94 13 11,      4.636,      0.000,      0.000,       -2.558,        3.852,     -0.341
165             ,  326 37 24 ,  103 47 24,      4.781,      0.000,      0.000,       -2.554,        3.877,     -1.140
166             ,  317 08 54 ,  107 19 44,      3.937,      0.000,      0.000,       -2.556,        2.755,     -1.173
167             ,  317 09 01 ,   89 47 10,      3.770,      0.000,      0.000,       -2.564,        2.764,      0.014
168             ,  317 09 04 ,   71 55 26,      3.978,      0.000,      0.000,       -2.572,        2.773,      1.234
169             ,  317 09 02 ,   60 12 02,      4.375,      0.000,      0.000,       -2.582,        2.784,      2.174
170             ,  317 09 01 ,   47 56 12,      5.133,      0.000,      0.000,       -2.591,        2.794,      3.439
171             ,  317 09 02 ,   38 39 21,      6.116,      0.000,      0.000,       -2.598,        2.801,      4.776
172             ,  317 09 00 ,   31 50 34,      7.264,      0.000,      0.000,       -2.607,        2.810,      6.171
173             ,  317 08 58 ,   26 23 20,      8.652,      0.000,      0.000,       -2.615,        2.819,      7.750
174             ,  310 53 45 ,   25 02 09,      8.189,      0.000,      0.000,       -2.620,        2.269,      7.420
175             ,  310 53 46 ,   30 44 06,      6.747,      0.000,      0.000,       -2.607,        2.258,      5.799
176             ,  310 53 50 ,   39 41 03,      5.382,      0.000,      0.000,       -2.598,        2.250,      4.142
177             ,  310 53 46 ,   51 10 42,      4.397,      0.000,      0.000,       -2.589,        2.243,      2.756
178             ,  311 16 10 ,   64 14 19,      3.810,      0.000,      0.000,       -2.579,        2.263,      1.656
179             ,  311 16 10 ,   82 34 49,      3.449,      0.000,      0.000,       -2.570,        2.256,      0.445
180             ,  311 16 08 ,  109 51 01,      3.616,      0.000,      0.000,       -2.556,        2.243,     -1.228
181             ,  295 14 41 ,  112 05 14,      3.044,      0.000,      0.000,       -2.551,        1.203,     -1.145
182             ,  295 14 48 ,   86 34 12,      2.828,      0.000,      0.000,       -2.554,        1.204,      0.169
183             ,  295 14 51 ,   63 19 33,      3.171,      0.000,      0.000,       -2.563,        1.209,      1.424
184             ,  295 14 56 ,   47 55 14,      3.836,      0.000,      0.000,       -2.575,        1.215,      2.571
185             ,  295 14 54 ,   36 24 57,      4.811,      0.000,      0.000,       -2.583,        1.218,      3.872
186             ,  295 14 53 ,   28 24 04,      6.024,      0.000,      0.000,       -2.592,        1.222,      5.299
187             ,  295 14 52 ,   22 55 52,      7.382,      0.000,      0.000,       -2.601,        1.227,      6.799
188             ,  295 14 50 ,   20 29 00,      8.244,      0.000,      0.000,       -2.609,        1.230,      7.723
189             ,  284 57 44 ,   20 01 30,      7.864,      0.000,      0.000,       -2.602,        0.695,      7.389
190             ,  284 57 46 ,   25 33 02,      6.210,      0.000,      0.000,       -2.587,        0.692,      5.602
191             ,  284 57 43 ,   32 19 49,      4.990,      0.000,      0.000,       -2.578,        0.689,      4.216
192             ,  284 57 47 ,   44 33 26,      3.791,      0.000,      0.000,       -2.569,        0.687,      2.701
193             ,  284 57 48 ,   56 32 48,      3.177,      0.000,      0.000,       -2.560,        0.684,      1.751
194             ,  284 57 49 ,   79 21 39,      2.685,      0.000,      0.000,       -2.550,        0.681,      0.496
195             ,  284 57 48 ,   89 34 39,      2.633,      0.000,      0.000,       -2.544,        0.680,      0.019
196             ,  284 57 49 ,  111 28 14,      2.824,      0.000,      0.000,       -2.539,        0.679,     -1.034
197             ,  260 11 22 ,  114 33 38,      2.829,      0.000,      0.000,       -2.535,       -0.438,     -1.176
198             ,  260 11 29 ,   89 05 20,      2.583,      0.000,      0.000,       -2.545,       -0.440,      0.041
199             ,  260 11 30 ,   62 59 45,      2.911,      0.000,      0.000,       -2.556,       -0.442,      1.322
200             ,  260 11 31 ,   46 32 28,      3.592,      0.000,      0.000,       -2.569,       -0.444,      2.471
201             ,  260 11 29 ,   35 47 10,      4.471,      0.000,      0.000,       -2.576,       -0.445,      3.627
202             ,  260 11 28 ,   27 06 10,      5.761,      0.000,      0.000,       -2.586,       -0.447,      5.128
203             ,  260 11 27 ,   22 18 54,      6.932,      0.000,      0.000,       -2.594,       -0.448,      6.413
204             ,  260 11 24 ,   19 08 50,      8.035,      0.000,      0.000,       -2.597,       -0.449,      7.591
205             ,  251 57 24 ,   19 46 22,      8.077,      0.000,      0.000,       -2.598,       -0.846,      7.601
206             ,  251 57 22 ,   26 32 39,      6.089,      0.000,      0.000,       -2.587,       -0.843,      5.447
207             ,  251 57 25 ,   36 15 24,      4.584,      0.000,      0.000,       -2.578,       -0.840,      3.696
208             ,  251 57 26 ,   50 51 18,      3.486,      0.000,      0.000,       -2.570,       -0.837,      2.201
209             ,  251 57 24 ,   64 31 37,      2.981,      0.000,      0.000,       -2.559,       -0.834,      1.282
210             ,  251 57 25 ,   84 36 59,      2.696,      0.000,      0.000,       -2.552,       -0.831,      0.253
211             ,  251 57 24 ,  113 54 28,      2.921,      0.000,      0.000,       -2.539,       -0.827,     -1.184
212             ,  230 55 15 ,  109 18 05,      3.455,      0.000,      0.000,       -2.531,       -2.055,     -1.142
213             ,  230 55 34 ,   93 20 26,      3.276,      0.000,      0.000,       -2.539,       -2.062,     -0.191
214             ,  230 55 35 ,   75 13 19,      3.394,      0.000,      0.000,       -2.548,       -2.069,      0.866
215             ,  230 55 35 ,   56 06 40,      3.969,      0.000,      0.000,       -2.558,       -2.077,      2.213
216             ,  230 55 36 ,   44 12 21,      4.739,      0.000,      0.000,       -2.565,       -2.083,      3.397
217             ,  230 55 31 ,   34 17 44,      5.889,      0.000,      0.000,       -2.576,       -2.092,      4.865
218             ,  230 55 29 ,   27 47 48,      7.114,      0.000,      0.000,       -2.575,       -2.091,      6.293
219             ,  230 54 55 ,   23 48 54,      8.287,      0.000,      0.000,       -2.597,       -2.110,      7.582
220             ,  225 52 33 ,   26 10 28,      8.174,      0.000,      0.000,       -2.588,       -2.510,      7.336
221             ,  225 52 34 ,   31 47 18,      6.814,      0.000,      0.000,       -2.577,       -2.499,      5.792
222             ,  225 52 35 ,   40 39 35,      5.498,      0.000,      0.000,       -2.571,       -2.494,      4.171
223             ,  225 52 34 ,   51 39 43,      4.544,      0.000,      0.000,       -2.559,       -2.482,      2.819
224             ,  225 52 35 ,   63 22 53,      3.975,      0.000,      0.000,       -2.551,       -2.474,      1.781
225             ,  225 52 34 ,   74 10 10,      3.684,      0.000,      0.000,       -2.544,       -2.468,      1.005
226             ,  225 52 38 ,   89 40 46,      3.532,      0.000,      0.000,       -2.536,       -2.459,      0.020
227             ,  225 52 41 ,  108 44 23,      3.714,      0.000,      0.000,       -2.525,       -2.448,     -1.193
228             ,  214 38 21 ,  105 35 44,      4.628,      0.000,      0.000,       -2.534,       -3.668,     -1.244
229             ,  214 38 30 ,   90 54 36,      4.473,      0.000,      0.000,       -2.542,       -3.680,     -0.071
230             ,  214 38 32 ,   74 57 53,      4.645,      0.000,      0.000,       -2.550,       -3.690,      1.205
231             ,  214 38 27 ,   61 24 34,      5.134,      0.000,      0.000,       -2.563,       -3.709,      2.457
232             ,  214 38 28 ,   50 24 58,      5.872,      0.000,      0.000,       -2.572,       -3.723,      3.742
233             ,  214 38 31 ,   39 31 31,      7.133,      0.000,      0.000,       -2.580,       -3.735,      5.502
234             ,  214 38 08 ,   31 24 19,      8.743,      0.000,      0.000,       -2.589,       -3.748,      7.462
235             ,  212 15 36 ,   32 35 59,      8.978,      0.000,      0.000,       -2.582,       -4.090,      7.563
236             ,  212 15 35 ,   40 33 10,      7.421,      0.000,      0.000,       -2.575,       -4.080,      5.638
237             ,  212 15 41 ,   50 21 01,      6.249,      0.000,      0.000,       -2.568,       -4.069,      3.987
238             ,  212 15 39 ,   61 54 53,      5.434,      0.000,      0.000,       -2.559,       -4.054,      2.558
239             ,  212 15 38 ,   73 05 00,      4.986,      0.000,      0.000,       -2.546,       -4.034,      1.451
240             ,  212 15 36 ,   84 42 44,      4.782,      0.000,      0.000,       -2.542,       -4.027,      0.441
241             ,  212 15 40 ,  104 01 05,      4.891,      0.000,      0.000,       -2.533,       -4.013,     -1.185
242             ,  300 28 53 ,  109 18 03,      4.081,      0.000,      0.000,       -3.319,        1.954,     -1.349
243             ,  300 29 03 ,   97 26 52,      3.891,      0.000,      0.000,       -3.325,        1.957,     -0.504
244             ,  300 29 12 ,   87 27 28,      3.868,      0.000,      0.000,       -3.330,        1.960,      0.172
245             ,  300 29 11 ,   77 06 29,      3.972,      0.000,      0.000,       -3.337,        1.964,      0.886
246             ,  300 29 12 ,   64 10 53,      4.309,      0.000,      0.000,       -3.343,        1.968,      1.877
247             ,  300 29 11 ,   54 01 30,      4.802,      0.000,      0.000,       -3.349,        1.972,      2.821
248             ,  300 29 13 ,   47 00 20,      5.323,      0.000,      0.000,       -3.355,        1.975,      3.630
249             ,  300 29 13 ,   38 28 55,      6.270,      0.000,      0.000,       -3.362,        1.979,      4.908
250             ,  300 29 08 ,   31 51 28,      7.412,      0.000,      0.000,       -3.371,        1.985,      6.295
251             ,  300 24 00 ,   27 17 01,      8.544,      0.000,      0.000,       -3.378,        1.982,      7.593
252             ,  297 02 05 ,   26 23 44,      8.531,      0.000,      0.000,       -3.378,        1.724,      7.642
253             ,  297 02 07 ,   29 44 37,      7.635,      0.000,      0.000,       -3.374,        1.722,      6.629
254             ,  297 02 05 ,   34 28 05,      6.675,      0.000,      0.000,       -3.365,        1.717,      5.503
255             ,  297 02 08 ,   41 43 58,      5.663,      0.000,      0.000,       -3.358,        1.713,      4.226
256             ,  297 02 07 ,   50 07 09,      4.900,      0.000,      0.000,       -3.349,        1.709,      3.142
257             ,  297 02 07 ,   57 25 18,      4.455,      0.000,      0.000,       -3.344,        1.706,      2.399
258             ,  297 02 06 ,   65 17 16,      4.126,      0.000,      0.000,       -3.338,        1.704,      1.725
259             ,  297 02 08 ,   73 32 40,      3.902,      0.000,      0.000,       -3.333,        1.701,      1.105
260             ,  297 02 06 ,   83 10 45,      3.763,      0.000,      0.000,       -3.329,        1.699,      0.447
261             ,  297 02 10 ,   92 48 17,      3.736,      0.000,      0.000,       -3.324,        1.696,     -0.183
262             ,  297 02 09 ,  102 22 13,      3.816,      0.000,      0.000,       -3.320,        1.694,     -0.817
263             ,  297 02 12 ,  109 02 13,      3.938,      0.000,      0.000,       -3.316,        1.692,     -1.284
264             ,  276 29 14 ,  111 30 32,      3.573,      0.000,      0.000,       -3.303,        0.376,     -1.310
265             ,  276 29 16 ,   97 18 39,      3.359,      0.000,      0.000,       -3.310,        0.376,     -0.427
266             ,  276 29 18 ,   84 10 27,      3.355,      0.000,      0.000,       -3.316,        0.377,      0.341
267             ,  276 29 18 ,   67 40 57,      3.613,      0.000,      0.000,       -3.321,        0.378,      1.372
268             ,  276 29 19 ,   54 23 11,      4.116,      0.000,      0.000,       -3.324,        0.378,      2.397
269             ,  276 29 15 ,   46 07 54,      4.648,      0.000,      0.000,       -3.330,        0.379,      3.221
270             ,  276 29 19 ,   39 09 01,      5.319,      0.000,      0.000,       -3.337,        0.379,      4.125
271             ,  276 29 15 ,   31 52 31,      6.377,      0.000,      0.000,       -3.346,        0.380,      5.415
272             ,  276 29 15 ,   27 24 09,      7.335,      0.000,      0.000,       -3.354,        0.381,      6.512
273             ,  276 29 08 ,   24 09 12,      8.268,      0.000,      0.000,       -3.362,        0.382,      7.544
274             ,  267 55 25 ,   24 15 09,      8.188,      0.000,      0.000,       -3.361,       -0.122,      7.466
275             ,  267 55 26 ,   28 51 05,      6.951,      0.000,      0.000,       -3.352,       -0.122,      6.089
276             ,  267 55 25 ,   33 03 29,      6.139,      0.000,      0.000,       -3.347,       -0.121,      5.145
277             ,  267 55 26 ,   37 50 46,      5.453,      0.000,      0.000,       -3.343,       -0.121,      4.306
278             ,  267 55 26 ,   44 49 54,      4.731,      0.000,      0.000,       -3.333,       -0.121,      3.355
279             ,  267 55 28 ,   52 44 15,      4.185,      0.000,      0.000,       -3.328,       -0.121,      2.534
280             ,  267 55 31 ,   62 57 51,      3.732,      0.000,      0.000,       -3.322,       -0.120,      1.696
281             ,  267 55 39 ,   78 29 14,      3.385,      0.000,      0.000,       -3.315,       -0.120,      0.676
282             ,  267 55 41 ,   91 17 24,      3.313,      0.000,      0.000,       -3.310,       -0.120,     -0.075
283             ,  267 55 39 ,  111 11 39,      3.541,      0.000,      0.000,       -3.300,       -0.119,     -1.280
284             ,  248 12 28 ,  110 10 33,      3.787,      0.000,      0.000,       -3.301,       -1.320,     -1.306
285             ,  248 12 39 ,   96 55 33,      3.591,      0.000,      0.000,       -3.310,       -1.323,     -0.433
286             ,  248 12 44 ,   84 23 18,      3.588,      0.000,      0.000,       -3.316,       -1.325,      0.351
287             ,  248 12 38 ,   70 57 51,      3.787,      0.000,      0.000,       -3.324,       -1.329,      1.235
288             ,  248 09 53 ,   59 29 56,      4.161,      0.000,      0.000,       -3.328,       -1.334,      2.112
289             ,  248 09 57 ,   50 23 07,      4.661,      0.000,      0.000,       -3.333,       -1.335,      2.972
290             ,  248 09 52 ,   40 53 04,      5.499,      0.000,      0.000,       -3.341,       -1.339,      4.157
291             ,  248 09 51 ,   33 13 19,      6.579,      0.000,      0.000,       -3.346,       -1.341,      5.504
292             ,  248 09 50 ,   27 46 52,      7.732,      0.000,      0.000,       -3.345,       -1.341,      6.841
293             ,  248 09 46 ,   25 38 11,      8.366,      0.000,      0.000,       -3.360,       -1.346,      7.543
294             ,  243 21 28 ,   26 31 37,      8.420,      0.000,      0.000,       -3.361,       -1.686,      7.534
295             ,  243 21 30 ,   30 51 38,      7.313,      0.000,      0.000,       -3.353,       -1.682,      6.278
296             ,  243 21 30 ,   36 25 31,      6.304,      0.000,      0.000,       -3.346,       -1.679,      5.073
297             ,  243 21 33 ,   42 18 01,      5.551,      0.000,      0.000,       -3.339,       -1.675,      4.105
298             ,  243 21 32 ,   50 25 56,      4.837,      0.000,      0.000,       -3.333,       -1.672,      3.081
299             ,  243 21 33 ,   59 43 36,      4.312,      0.000,      0.000,       -3.329,       -1.670,      2.174
300             ,  243 21 32 ,   70 45 46,      3.938,      0.000,      0.000,       -3.324,       -1.667,      1.298
301             ,  243 21 32 ,   81 13 33,      3.755,      0.000,      0.000,       -3.317,       -1.664,      0.573
302             ,  243 21 32 ,   93 12 02,      3.710,      0.000,      0.000,       -3.311,       -1.661,     -0.207
303             ,  243 21 32 ,  108 38 48,      3.900,      0.000,      0.000,       -3.303,       -1.657,     -1.247
304             ,  201 32 42 ,  100 19 24,      5.745,      0.000,      0.000,       -2.076,       -5.257,     -1.030
305             ,  201 32 45 ,   91 31 30,      5.660,      0.000,      0.000,       -2.078,       -5.262,     -0.151
306             ,  201 32 53 ,   81 41 11,      5.722,      0.000,      0.000,       -2.080,       -5.266,      0.827
307             ,  201 32 52 ,   71 06 23,      5.993,      0.000,      0.000,       -2.082,       -5.274,      1.941
308             ,  201 32 51 ,   61 17 02,      6.474,      0.000,      0.000,       -2.085,       -5.281,      3.110
309             ,  201 32 53 ,   52 16 27,      7.187,      0.000,      0.000,       -2.088,       -5.288,      4.398
310             ,  201 32 51 ,   42 59 44,      8.351,      0.000,      0.000,       -2.092,       -5.297,      6.108
311             ,  201 32 21 ,   37 14 16,      9.425,      0.000,      0.000,       -2.094,       -5.305,      7.503
312             ,  196 55 11 ,   37 14 38,      9.154,      0.000,      0.000,       -1.612,       -5.300,      7.287
313             ,  196 55 13 ,   45 09 32,      7.800,      0.000,      0.000,       -1.610,       -5.291,      5.500
314             ,  196 55 14 ,   52 47 35,      6.934,      0.000,      0.000,       -1.607,       -5.283,      4.193
315             ,  196 55 14 ,   60 53 43,      6.313,      0.000,      0.000,       -1.605,       -5.277,      3.071
316             ,  196 55 16 ,   70 36 44,      5.837,      0.000,      0.000,       -1.603,       -5.268,      1.938
317             ,  196 55 16 ,   78 49 27,      5.602,      0.000,      0.000,       -1.600,       -5.258,      1.086
318             ,  196 55 16 ,   94 36 41,      5.512,      0.000,      0.000,       -1.599,       -5.256,     -0.443
319             ,  185 07 47 ,  104 00 07,      5.428,      0.000,      0.000,       -0.471,       -5.245,     -1.313
320             ,  185 07 46 ,   89 49 36,      5.277,      0.000,      0.000,       -0.472,       -5.255,      0.016
321             ,  185 07 54 ,   73 51 46,      5.504,      0.000,      0.000,       -0.473,       -5.266,      1.530
322             ,  185 07 57 ,   67 09 54,      5.744,      0.000,      0.000,       -0.474,       -5.272,      2.229
323             ,  185 07 57 ,   57 22 08,      6.293,      0.000,      0.000,       -0.474,       -5.279,      3.393
324             ,  185 07 59 ,   49 28 17,      6.979,      0.000,      0.000,       -0.475,       -5.284,      4.535
325             ,  185 07 51 ,   40 11 02,      8.238,      0.000,      0.000,       -0.475,       -5.294,      6.293
326             ,  185 07 37 ,   34 39 18,      9.362,      0.000,      0.000,       -0.476,       -5.302,      7.701
327             ,  180 21 29 ,   34 28 35,      9.355,      0.000,      0.000,       -0.033,       -5.296,      7.712
328             ,  180 21 29 ,   38 50 06,      8.439,      0.000,      0.000,       -0.033,       -5.292,      6.574
329             ,  180 21 32 ,   50 44 21,      6.821,      0.000,      0.000,       -0.033,       -5.281,      4.317
330             ,  180 21 31 ,   58 44 59,      6.173,      0.000,      0.000,       -0.033,       -5.277,      3.202
331             ,  180 21 29 ,   67 19 54,      5.713,      0.000,      0.000,       -0.033,       -5.271,      2.202
332             ,  180 21 31 ,   77 12 14,      5.394,      0.000,      0.000,       -0.033,       -5.260,      1.195
333             ,  180 21 31 ,   89 45 58,      5.254,      0.000,      0.000,       -0.033,       -5.253,      0.021
334             ,  179 55 56 ,  102 59 30,      5.382,      0.000,      0.000,        0.006,       -5.244,     -1.210
335             ,  168 14 14 ,  103 42 53,      5.508,      0.000,      0.000,        1.091,       -5.239,     -1.306
336             ,  168 14 16 ,   90 19 24,      5.364,      0.000,      0.000,        1.093,       -5.251,     -0.030
337             ,  168 14 27 ,   75 56 26,      5.542,      0.000,      0.000,        1.096,       -5.263,      1.346
338             ,  168 14 37 ,   65 07 32,      5.937,      0.000,      0.000,        1.098,       -5.274,      2.497
339             ,  168 14 37 ,   57 16 45,      6.408,      0.000,      0.000,        1.098,       -5.278,      3.464
340             ,  168 14 37 ,   46 58 22,      7.384,      0.000,      0.000,        1.100,       -5.285,      5.039
341             ,  168 14 37 ,   40 56 12,      8.246,      0.000,      0.000,        1.101,       -5.290,      6.229
342             ,  168 14 02 ,   35 22 50,      9.338,      0.000,      0.000,        1.102,       -5.293,      7.613
343             ,  163 09 53 ,   35 55 11,      9.416,      0.000,      0.000,        1.600,       -5.287,      7.625
344             ,  163 10 00 ,   41 10 29,      8.385,      0.000,      0.000,        1.599,       -5.284,      6.311
345             ,  163 10 02 ,   45 03 03,      7.799,      0.000,      0.000,        1.598,       -5.283,      5.510
346             ,  163 10 02 ,   51 06 41,      7.088,      0.000,      0.000,        1.598,       -5.280,      4.450
347             ,  163 10 02 ,   62 57 28,      6.184,      0.000,      0.000,        1.595,       -5.272,      2.812
348             ,  163 09 57 ,   72 57 54,      5.756,      0.000,      0.000,        1.594,       -5.268,      1.686
349             ,  163 10 00 ,   81 56 38,      5.547,      0.000,      0.000,        1.590,       -5.257,      0.777
350             ,  163 10 02 ,   91 40 58,      5.487,      0.000,      0.000,        1.588,       -5.250,     -0.161
351             ,  163 09 55 ,  101 14 15,      5.583,      0.000,      0.000,        1.586,       -5.241,     -1.088
352             ,  152 18 56 ,  101 14 07,      6.036,      0.000,      0.000,        2.751,       -5.243,     -1.176
353             ,  152 19 17 ,   89 00 36,      5.915,      0.000,      0.000,        2.747,       -5.237,      0.102
354             ,  152 19 16 ,   75 38 00,      6.112,      0.000,      0.000,        2.750,       -5.243,      1.516
355             ,  152 19 28 ,   71 09 53,      6.262,      0.000,      0.000,        2.753,       -5.248,      2.022
356             ,  152 48 13 ,   64 18 57,      6.557,      0.000,      0.000,        2.701,       -5.256,      2.842
357             ,  152 48 11 ,   57 32 17,      7.012,      0.000,      0.000,        2.704,       -5.262,      3.764
358             ,  152 48 05 ,   50 01 28,      7.736,      0.000,      0.000,        2.710,       -5.273,      4.970
359             ,  152 48 13 ,   44 14 50,      8.508,      0.000,      0.000,        2.713,       -5.280,      6.095
360             ,  152 47 38 ,   40 31 20,      9.149,      0.000,      0.000,        2.718,       -5.287,      6.955
361             ,  149 32 41 ,   44 54 30,      8.688,      0.000,      0.000,        3.109,       -5.288,      6.153
362             ,  149 32 40 ,   51 44 20,      7.788,      0.000,      0.000,        3.100,       -5.272,      4.823
363             ,  149 32 42 ,   56 38 45,      7.306,      0.000,      0.000,        3.093,       -5.261,      4.017
364             ,  149 32 42 ,   64 37 26,      6.742,      0.000,      0.000,        3.088,       -5.251,      2.889
365             ,  149 32 43 ,   76 37 44,      6.245,      0.000,      0.000,        3.079,       -5.237,      1.444
366             ,  149 32 41 ,   86 57 32,      6.079,      0.000,      0.000,        3.077,       -5.233,      0.322
367             ,  149 50 35 ,  100 05 32,      6.154,      0.000,      0.000,        3.044,       -5.239,     -1.078
368             ,  158 06 21 ,  100 48 38,      6.584,      0.000,      0.000,        2.412,       -6.001,     -1.235
369             ,  158 06 22 ,   90 29 04,      6.474,      0.000,      0.000,        2.414,       -6.007,     -0.055
370             ,  158 06 28 ,   81 20 56,      6.555,      0.000,      0.000,        2.416,       -6.013,      0.986
371             ,  158 06 27 ,   76 45 48,      6.663,      0.000,      0.000,        2.418,       -6.018,      1.526
372             ,  158 06 16 ,   57 50 14,      7.678,      0.000,      0.000,        2.424,       -6.031,      4.087
373             ,  158 16 35 ,   49 42 52,      8.522,      0.000,      0.000,        2.406,       -6.039,      5.510
374             ,  158 16 38 ,   44 49 42,      9.232,      0.000,      0.000,        2.409,       -6.046,      6.547
375             ,  158 16 44 ,   41 11 16,      9.888,      0.000,      0.000,        2.410,       -6.049,      7.441
376             ,  161 59 42 ,   40 07 40,      9.859,      0.000,      0.000,        1.964,       -6.043,      7.539
377             ,  161 59 44 ,   44 56 52,      8.992,      0.000,      0.000,        1.963,       -6.041,      6.364
378             ,  161 55 46 ,   49 55 33,      8.303,      0.000,      0.000,        1.971,       -6.040,      5.345
379             ,  161 50 34 ,   65 10 52,      6.993,      0.000,      0.000,        1.978,       -6.031,      2.935
380             ,  161 50 34 ,   74 21 23,      6.587,      0.000,      0.000,        1.977,       -6.027,      1.776
381             ,  161 50 34 ,   83 21 19,      6.377,      0.000,      0.000,        1.974,       -6.018,      0.738
382             ,  161 50 34 ,   98 34 47,      6.392,      0.000,      0.000,        1.970,       -6.006,     -0.954
383             ,  172 32 47 ,  102 10 17,      6.197,      0.000,      0.000,        0.786,       -6.007,     -1.307
384             ,  172 32 55 ,   89 27 52,      6.071,      0.000,      0.000,        0.787,       -6.019,      0.057
385             ,  172 32 58 ,   79 10 16,      6.189,      0.000,      0.000,        0.788,       -6.028,      1.163
386             ,  172 32 58 ,   65 30 02,      6.693,      0.000,      0.000,        0.790,       -6.039,      2.776
387             ,  172 33 02 ,   56 55 43,      7.270,      0.000,      0.000,        0.790,       -6.040,      3.967
388             ,  172 33 00 ,   53 01 47,      7.634,      0.000,      0.000,        0.791,       -6.047,      4.591
389             ,  172 32 58 ,   43 21 24,      8.889,      0.000,      0.000,        0.791,       -6.051,      6.463
390             ,  172 32 49 ,   38 20 03,      9.850,      0.000,      0.000,        0.792,       -6.058,      7.726
391             ,  176 00 22 ,   38 20 43,      9.783,      0.000,      0.000,        0.423,       -6.055,      7.673
392             ,  176 23 08 ,   49 20 51,      7.985,      0.000,      0.000,        0.382,       -6.046,      5.202
393             ,  176 14 49 ,   55 29 20,      7.346,      0.000,      0.000,        0.396,       -6.040,      4.162
394             ,  177 12 22 ,   64 36 25,      6.689,      0.000,      0.000,        0.295,       -6.035,      2.868
395             ,  177 12 19 ,   74 22 03,      6.270,      0.000,      0.000,        0.294,       -6.031,      1.689
396             ,  177 12 21 ,   81 26 26,      6.100,      0.000,      0.000,        0.294,       -6.025,      0.908
397             ,  187 37 07 ,   94 01 13,      6.086,      0.000,      0.000,       -0.805,       -6.018,     -0.427
398             ,  187 37 13 ,   81 28 33,      6.146,      0.000,      0.000,       -0.806,       -6.025,      0.911
399             ,  187 37 17 ,   69 59 29,      6.480,      0.000,      0.000,       -0.808,       -6.035,      2.217
400             ,  187 37 22 ,   58 42 09,      7.139,      0.000,      0.000,       -0.809,       -6.046,      3.708
401             ,  187 37 21 ,   49 55 05,      7.984,      0.000,      0.000,       -0.810,       -6.055,      5.141
402             ,  189 20 04 ,   45 17 46,      8.635,      0.000,      0.000,       -0.995,       -6.056,      6.074
403             ,  187 35 35 ,   39 30 32,      9.617,      0.000,      0.000,       -0.808,       -6.065,      7.420
404             ,  191 21 26 ,   39 30 54,      9.722,      0.000,      0.000,       -1.218,       -6.065,      7.500
405             ,  191 21 26 ,   44 50 15,      8.760,      0.000,      0.000,       -1.216,       -6.056,      6.212
406             ,  191 21 27 ,   52 29 50,      7.772,      0.000,      0.000,       -1.214,       -6.045,      4.731
407             ,  191 21 26 ,   57 58 48,      7.265,      0.000,      0.000,       -1.213,       -6.039,      3.852
408             ,  191 21 23 ,   66 56 49,      6.688,      0.000,      0.000,       -1.212,       -6.033,      2.619
409             ,  192 32 08 ,   76 49 32,      6.339,      0.000,      0.000,       -1.340,       -6.025,      1.445
410             ,  192 15 50 ,   88 47 52,      6.158,      0.000,      0.000,       -1.308,       -6.016,      0.129
411             ,  202 49 19 ,   93 47 48,      6.545,      0.000,      0.000,       -2.533,       -6.019,     -0.433
412             ,  202 49 23 ,   84 01 44,      6.571,      0.000,      0.000,       -2.535,       -6.024,      0.684
413             ,  202 49 25 ,   71 35 40,      6.894,      0.000,      0.000,       -2.537,       -6.029,      2.177
414             ,  202 49 28 ,   59 59 46,      7.563,      0.000,      0.000,       -2.541,       -6.037,      3.782
415             ,  202 49 29 ,   51 29 01,      8.383,      0.000,      0.000,       -2.544,       -6.045,      5.220
416             ,  202 49 31 ,   44 31 06,      9.367,      0.000,      0.000,       -2.548,       -6.054,      6.679
417             ,  202 56 55 ,   40 53 01,     10.034,      0.000,      0.000,       -2.561,       -6.048,      7.586
418             ,  205 07 17 ,   40 58 15,     10.173,      0.000,      0.000,       -2.832,       -6.039,      7.681
419             ,  205 07 14 ,   46 47 39,      9.142,      0.000,      0.000,       -2.829,       -6.033,      6.259
420             ,  205 07 15 ,   53 31 13,      8.284,      0.000,      0.000,       -2.828,       -6.031,      4.925
421             ,  205 07 15 ,   61 51 27,      7.545,      0.000,      0.000,       -2.824,       -6.024,      3.559
422             ,  205 07 14 ,   70 41 40,      7.047,      0.000,      0.000,       -2.824,       -6.022,      2.330
423             ,  205 07 14 ,   81 06 46,      6.730,      0.000,      0.000,       -2.823,       -6.020,      1.040
424             ,  205 07 15 ,   88 28 10,      6.650,      0.000,      0.000,       -2.822,       -6.019,      0.178
425             ,  205 07 16 ,   92 39 20,      6.652,      0.000,      0.000,       -2.821,       -6.016,     -0.308
426             ,   18 17 46 ,   39 45 24,     10.259,      0.000,      0.000,        2.060,        6.229,      7.887
427             ,    2 33 18 ,   39 22 53,     10.197,      0.000,      0.000,        0.288,        6.463,      7.881
428             ,  349 49 22 ,   39 53 17,     10.262,      0.000,      0.000,       -1.163,        6.478,      7.874
429             ,  338 08 44 ,   41 25 42,     10.493,      0.000,      0.000,       -2.585,        6.444,      7.868
430             ,  331 28 33 ,   36 45 28,      9.810,      0.000,      0.000,       -2.803,        5.158,      7.860
431             ,  343 44 34 ,   33 48 26,      9.461,      0.000,      0.000,       -1.474,        5.054,      7.861
432             ,  359 34 49 ,   32 27 18,      9.323,      0.000,      0.000,       -0.037,        5.003,      7.867
433             ,   14 00 20 ,   31 58 24,      9.281,      0.000,      0.000,        1.189,        4.768,      7.873
434             ,   25 50 41 ,   32 35 56,      9.350,      0.000,      0.000,        2.196,        4.534,      7.877
435             ,   35 50 55 ,   25 16 06,      8.704,      0.000,      0.000,        2.176,        3.012,      7.872
436             ,   17 02 44 ,   22 41 49,      8.533,      0.000,      0.000,        0.965,        3.148,      7.872
437             ,  353 08 27 ,   21 48 57,      8.471,      0.000,      0.000,       -0.376,        3.125,      7.864
438             ,  332 58 57 ,   23 21 04,      8.559,      0.000,      0.000,       -1.541,        3.022,      7.858
439             ,  320 10 58 ,   27 25 01,      8.855,      0.000,      0.000,       -2.611,        3.132,      7.861
440             ,  302 38 39 ,   22 33 33,      8.515,      0.000,      0.000,       -2.751,        1.762,      7.863
441             ,  320 29 13 ,   17 35 19,      8.252,      0.000,      0.000,       -1.586,        1.924,      7.866
442             ,  358 24 17 ,   13 57 57,      8.106,      0.000,      0.000,       -0.054,        1.956,      7.866
443             ,   33 44 23 ,   15 21 50,      8.163,      0.000,      0.000,        1.201,        1.798,      7.871
444             ,   52 30 21 ,   18 58 39,      8.323,      0.000,      0.000,        2.147,        1.647,      7.871
445             ,   85 07 11 ,   15 28 29,      8.166,      0.000,      0.000,        2.171,        0.185,      7.870
446             ,   51 51 39 ,    2 15 07,      7.869,      0.000,      0.000,        0.243,        0.191,      7.863
447             ,  277 55 15 ,    9 06 24,      7.959,      0.000,      0.000,       -1.248,        0.174,      7.859
448             ,  271 52 12 ,   18 43 23,      8.296,      0.000,      0.000,       -2.662,        0.087,      7.857
449             ,  240 59 47 ,   21 46 00,      8.460,      0.000,      0.000,       -2.744,       -1.521,      7.857
450             ,  224 15 02 ,   17 22 54,      8.233,      0.000,      0.000,       -1.716,       -1.762,      7.857
451             ,  194 35 14 ,   14 44 50,      8.131,      0.000,      0.000,       -0.521,       -2.003,      7.863
452             ,  153 58 01 ,   16 23 51,      8.199,      0.000,      0.000,        1.016,       -2.080,      7.866
453             ,  131 00 22 ,   20 44 41,      8.415,      0.000,      0.000,        2.249,       -1.956,      7.869
454             ,  147 00 29 ,   27 07 54,      8.842,      0.000,      0.000,        2.196,       -3.382,      7.869
455             ,  160 51 39 ,   24 31 37,      8.643,      0.000,      0.000,        1.176,       -3.390,      7.863
456             ,  181 49 24 ,   22 49 39,      8.525,      0.000,      0.000,       -0.105,       -3.306,      7.857
457             ,  204 20 57 ,   24 06 33,      8.604,      0.000,      0.000,       -1.449,       -3.202,      7.854
458             ,  221 02 44 ,   28 03 49,      8.899,      0.000,      0.000,       -2.749,       -3.158,      7.853
459             ,  207 59 56 ,   35 56 15,      9.699,      0.000,      0.000,       -2.672,       -5.026,      7.853
460             ,  199 03 48 ,   34 52 01,      9.573,      0.000,      0.000,       -1.787,       -5.172,      7.854
461             ,  189 37 09 ,   35 20 14,      9.629,      0.000,      0.000,       -0.931,       -5.491,      7.855
462             ,  174 39 56 ,   35 01 05,      9.595,      0.000,      0.000,        0.512,       -5.482,      7.858
463             ,  158 47 27 ,   36 36 46,      9.794,      0.000,      0.000,        2.113,       -5.445,      7.861
464             ,  339 48 34 ,  101 49 51,      6.968,      0.000,      0.000,       -2.354,        6.401,     -1.429
465             ,  348 48 29 ,  102 32 59,      6.535,      0.000,      0.000,       -1.238,        6.258,     -1.420
466             ,  357 08 20 ,  102 33 03,      6.495,      0.000,      0.000,       -0.316,        6.332,     -1.411
467             ,   11 49 02 ,  102 26 25,      6.542,      0.000,      0.000,        1.308,        6.253,     -1.409
468             ,   21 19 19 ,  102 07 21,      6.676,      0.000,      0.000,        2.373,        6.080,     -1.402
469             ,   27 51 34 ,  105 17 59,      5.333,      0.000,      0.000,        2.404,        4.548,     -1.407
470             ,   20 43 35 ,  106 33 50,      4.960,      0.000,      0.000,        1.683,        4.447,     -1.414
471             ,    9 25 39 ,  108 34 08,      4.453,      0.000,      0.000,        0.691,        4.164,     -1.418
472             ,  357 21 43 ,  107 23 46,      4.722,      0.000,      0.000,       -0.207,        4.501,     -1.412
473             ,  345 19 38 ,  105 38 09,      5.244,      0.000,      0.000,       -1.279,        4.885,     -1.413
474             ,  333 30 29 ,  104 36 24,      5.651,      0.000,      0.000,       -2.439,        4.894,     -1.425
475             ,  323 17 05 ,  108 38 44,      4.443,      0.000,      0.000,       -2.517,        3.374,     -1.420
476             ,  331 33 01 ,  110 10 30,      4.105,      0.000,      0.000,       -1.835,        3.388,     -1.416
477             ,  347 38 47 ,  111 45 00,      3.806,      0.000,      0.000,       -0.756,        3.454,     -1.410
478             ,    3 43 21 ,  113 34 44,      3.544,      0.000,      0.000,        0.211,        3.241,     -1.418
479             ,   21 51 23 ,  112 28 00,      3.720,      0.000,      0.000,        1.280,        3.191,     -1.422
480             ,   36 44 51 ,  110 52 38,      3.977,      0.000,      0.000,        2.223,        2.978,     -1.417
481             ,   49 37 21 ,  113 31 55,      3.548,      0.000,      0.000,        2.478,        2.107,     -1.416
482             ,   39 37 53 ,  118 30 32,      2.981,      0.000,      0.000,        1.671,        2.017,     -1.423
483             ,   19 24 24 ,  126 03 56,      2.415,      0.000,      0.000,        0.649,        1.841,     -1.422
484             ,  350 59 23 ,  128 07 02,      2.294,      0.000,      0.000,       -0.283,        1.782,     -1.416
485             ,  323 52 17 ,  123 10 39,      2.589,      0.000,      0.000,       -1.278,        1.750,     -1.417
486             ,  310 52 02 ,  117 51 47,      3.039,      0.000,      0.000,       -2.032,        1.758,     -1.420
487             ,  272 54 30 ,  116 28 32,      3.194,      0.000,      0.000,       -2.856,        0.145,     -1.424
488             ,  272 54 30 ,  121 09 05,      2.746,      0.000,      0.000,       -2.347,        0.119,     -1.420
489             ,  272 54 30 ,  136 40 06,      1.946,      0.000,      0.000,       -1.334,        0.068,     -1.415
490             ,   85 07 04 ,  148 35 38,      1.669,      0.000,      0.000,        0.867,        0.074,     -1.425
491             ,   85 07 05 ,  128 09 52,      2.308,      0.000,      0.000,        1.808,        0.154,     -1.426
492             ,   85 07 08 ,  115 47 01,      3.256,      0.000,      0.000,        2.922,        0.249,     -1.416
493             ,  113 50 43 ,  118 38 51,      2.964,      0.000,      0.000,        2.379,       -1.052,     -1.421
494             ,  131 05 20 ,  129 51 49,      2.221,      0.000,      0.000,        1.285,       -1.120,     -1.423
495             ,  172 02 42 ,  134 01 11,      2.043,      0.000,      0.000,        0.203,       -1.455,     -1.420
496             ,  211 08 08 ,  131 39 24,      2.133,      0.000,      0.000,       -0.824,       -1.364,     -1.418
497             ,  231 40 10 ,  122 22 24,      2.652,      0.000,      0.000,       -1.757,       -1.389,     -1.420
498             ,  242 04 17 ,  114 01 29,      3.503,      0.000,      0.000,       -2.827,       -1.498,     -1.426
499             ,  219 32 07 ,  109 45 24,      4.214,      0.000,      0.000,       -2.525,       -3.059,     -1.425
500             ,  201 21 08 ,  114 03 21,      3.479,      0.000,      0.000,       -1.157,       -2.959,     -1.418
501             ,  183 57 33 ,  115 15 07,      3.324,      0.000,      0.000,       -0.208,       -2.999,     -1.418
502             ,  168 07 45 ,  114 58 23,      3.359,      0.000,      0.000,        0.626,       -2.980,     -1.418
503             ,  149 55 15 ,  111 52 11,      3.814,      0.000,      0.000,        1.774,       -3.063,     -1.421
504             ,  137 15 14 ,  109 01 32,      4.356,      0.000,      0.000,        2.795,       -3.024,     -1.420
505             ,  147 26 40 ,  104 59 20,      5.470,      0.000,      0.000,        2.843,       -4.453,     -1.415
506             ,  158 43 51 ,  106 11 48,      5.089,      0.000,      0.000,        1.773,       -4.555,     -1.420
507             ,  171 59 29 ,  105 02 10,      5.489,      0.000,      0.000,        0.739,       -5.249,     -1.424
508             ,  196 14 40 ,  107 01 55,      4.857,      0.000,      0.000,       -1.299,       -4.458,     -1.423
509             ,   23 55 26 ,   94 46 19,      7.887,      0.000,      0.000,        3.187,        7.184,     -0.656
510             ,   28 09 00 ,   95 39 21,      6.781,      0.000,      0.000,        3.184,        5.950,     -0.668
511             ,   35 06 13 ,   96 50 57,      5.591,      0.000,      0.000,        3.192,        4.542,     -0.667
512             ,   42 55 31 ,   98 19 25,      4.738,      0.000,      0.000,        3.193,        3.433,     -0.686
513             ,   57 09 20 ,  100 14 07,      3.865,      0.000,      0.000,        3.195,        2.063,     -0.687
514             ,   72 59 20 ,  101 08 40,      3.418,      0.000,      0.000,        3.207,        0.981,     -0.661
515             ,   82 24 10 ,  114 32 03,      3.350,      0.000,      0.000,        3.021,        0.403,     -1.391
516             ,   94 17 23 ,  114 42 08,      3.338,      0.000,      0.000,        3.024,       -0.227,     -1.395
517             ,  107 37 50 ,  113 44 31,      3.474,      0.000,      0.000,        3.030,       -0.963,     -1.399
518             ,  129 21 37 ,  109 32 37,      4.162,      0.000,      0.000,        3.032,       -2.487,     -1.392
519             ,  138 45 35 ,  106 47 35,      4.811,      0.000,      0.000,        3.036,       -3.464,     -1.390
520             ,  147 57 44 ,  102 11 57,      5.929,      0.000,      0.000,        3.074,       -4.913,     -1.253
521             ,  146 34 28 ,   99 31 53,      5.800,      0.000,      0.000,        3.151,       -4.774,     -0.960
522             ,  143 23 12 ,   99 41 19,      5.384,      0.000,      0.000,        3.165,       -4.260,     -0.906
523             ,  137 35 34 ,  100 59 24,      4.773,      0.000,      0.000,        3.160,       -3.460,     -0.910
524             ,  131 28 27 ,  102 12 02,      4.310,      0.000,      0.000,        3.156,       -2.790,     -0.911
525             ,  110 29 44 ,  105 04 18,      3.489,      0.000,      0.000,        3.155,       -1.179,     -0.907
526             ,   94 46 19 ,  105 56 55,      3.288,      0.000,      0.000,        3.151,       -0.263,     -0.904
527             ,   87 54 17 ,  109 19 15,      3.287,      0.000,      0.000,        3.099,        0.113,     -1.087
528             ,   98 05 10 ,  108 35 57,      3.314,      0.000,      0.000,        3.110,       -0.442,     -1.057
529             ,  108 07 05 ,  107 59 35,      3.444,      0.000,      0.000,        3.114,       -1.019,     -1.064
530             ,  123 50 00 ,  105 45 09,      3.895,      0.000,      0.000,        3.114,       -2.087,     -1.057
531             ,  130 12 39 ,  104 52 52,      4.215,      0.000,      0.000,        3.111,       -2.630,     -1.083
532             ,  137 47 53 ,  103 20 50,      4.757,      0.000,      0.000,        3.109,       -3.429,     -1.098
533             ,  145 19 45 ,  101 35 46,      5.574,      0.000,      0.000,        3.106,       -4.491,     -1.121
534             ,   24 20 03 ,   93 17 21,      7.780,      0.000,      0.000,        3.201,        7.077,     -0.446
535             ,   24 20 16 ,   85 03 48,      7.783,      0.000,      0.000,        3.196,        7.065,      0.670
536             ,   24 20 15 ,   81 00 19,      7.837,      0.000,      0.000,        3.190,        7.053,      1.225
537             ,   24 20 13 ,   74 11 34,      8.022,      0.000,      0.000,        3.181,        7.033,      2.185
538             ,   24 20 11 ,   70 21 38,      8.168,      0.000,      0.000,        3.170,        7.009,      2.745
539             ,   24 20 09 ,   64 12 41,      8.539,      0.000,      0.000,        3.168,        7.005,      3.715
540             ,   24 20 09 ,   60 04 25,      8.845,      0.000,      0.000,        3.159,        6.985,      4.413
541             ,   24 20 10 ,   55 54 11,      9.258,      0.000,      0.000,        3.159,        6.985,      5.190
542             ,   24 20 06 ,   51 52 34,      9.735,      0.000,      0.000,        3.156,        6.978,      6.010
543             ,   29 39 00 ,   47 05 57,      8.804,      0.000,      0.000,        3.190,        5.605,      5.993
544             ,   29 39 00 ,   51 20 35,      8.208,      0.000,      0.000,        3.171,        5.570,      5.127
545             ,   29 39 01 ,   55 26 29,      7.786,      0.000,      0.000,        3.172,        5.573,      4.417
546             ,   29 39 03 ,   61 02 24,      7.340,      0.000,      0.000,        3.177,        5.581,      3.554
547             ,   29 39 02 ,   67 07 08,      6.975,      0.000,      0.000,        3.179,        5.584,      2.712
548             ,   29 39 01 ,   72 15 09,      6.761,      0.000,      0.000,        3.185,        5.596,      2.061
549             ,   29 39 05 ,   79 55 29,      6.558,      0.000,      0.000,        3.194,        5.611,      1.147
550             ,   29 39 06 ,   84 59 05,      6.486,      0.000,      0.000,        3.197,        5.615,      0.567
551             ,   29 39 08 ,   93 28 10,      6.485,      0.000,      0.000,        3.202,        5.625,     -0.392
552             ,   40 29 43 ,   95 20 32,      4.962,      0.000,      0.000,        3.208,        3.757,     -0.462
553             ,   40 29 48 ,   82 44 02,      4.975,      0.000,      0.000,        3.205,        3.753,      0.629
554             ,   40 29 49 ,   74 37 22,      5.106,      0.000,      0.000,        3.197,        3.744,      1.354
555             ,   40 29 50 ,   67 23 43,      5.320,      0.000,      0.000,        3.190,        3.735,      2.045
556             ,   40 29 42 ,   60 40 33,      5.621,      0.000,      0.000,        3.182,        3.726,      2.753
557             ,   40 29 36 ,   54 54 34,      5.988,      0.000,      0.000,        3.182,        3.726,      3.442
558             ,   38 52 14 ,   49 33 48,      6.657,      0.000,      0.000,        3.180,        3.945,      4.317
559             ,   38 52 18 ,   44 34 20,      7.220,      0.000,      0.000,        3.180,        3.945,      5.144
560             ,   38 52 22 ,   40 42 10,      7.751,      0.000,      0.000,        3.172,        3.935,      5.876
561             ,   54 31 58 ,   33 15 55,      7.119,      0.000,      0.000,        3.180,        2.266,      5.953
562             ,   54 32 02 ,   36 40 52,      6.556,      0.000,      0.000,        3.190,        2.272,      5.258
563             ,   56 25 26 ,   41 02 28,      5.830,      0.000,      0.000,        3.189,        2.117,      4.397
564             ,   56 25 25 ,   46 48 57,      5.256,      0.000,      0.000,        3.193,        2.120,      3.597
565             ,   56 25 21 ,   55 18 09,      4.660,      0.000,      0.000,        3.192,        2.119,      2.653
566             ,   56 25 25 ,   62 33 51,      4.328,      0.000,      0.000,        3.200,        2.124,      1.994
567             ,   58 37 38 ,   71 30 40,      3.956,      0.000,      0.000,        3.204,        1.953,      1.255
568             ,   58 37 34 ,   83 41 31,      3.783,      0.000,      0.000,        3.210,        1.957,      0.416
569             ,   58 37 40 ,   94 44 37,      3.776,      0.000,      0.000,        3.213,        1.959,     -0.312
570             ,   81 04 43 ,   95 54 14,      3.279,      0.000,      0.000,        3.222,        0.506,     -0.337
571             ,   81 04 47 ,   80 45 58,      3.300,      0.000,      0.000,        3.218,        0.505,      0.530
572             ,   81 04 48 ,   68 20 26,      3.498,      0.000,      0.000,        3.211,        0.504,      1.291
573             ,   81 04 51 ,   57 24 02,      3.849,      0.000,      0.000,        3.203,        0.503,      2.074
574             ,   81 04 49 ,   48 45 51,      4.302,      0.000,      0.000,        3.196,        0.502,      2.836
575             ,   81 04 49 ,   42 11 02,      4.815,      0.000,      0.000,        3.195,        0.501,      3.568
576             ,   81 04 49 ,   36 18 59,      5.462,      0.000,      0.000,        3.196,        0.502,      4.401
577             ,   81 04 49 ,   31 33 35,      6.180,      0.000,      0.000,        3.196,        0.502,      5.266
578             ,   81 04 46 ,   28 29 48,      6.763,      0.000,      0.000,        3.188,        0.500,      5.944
579             ,  106 25 07 ,   29 09 40,      6.822,      0.000,      0.000,        3.189,       -0.940,      5.957
580             ,  106 25 05 ,   32 42 24,      6.176,      0.000,      0.000,        3.201,       -0.943,      5.197
581             ,  106 25 04 ,   37 11 39,      5.526,      0.000,      0.000,        3.204,       -0.944,      4.402
582             ,  106 25 14 ,   43 56 41,      4.819,      0.000,      0.000,        3.208,       -0.945,      3.470
583             ,  106 25 11 ,   51 21 05,      4.278,      0.000,      0.000,        3.205,       -0.944,      2.672
584             ,  106 25 04 ,   59 51 06,      3.872,      0.000,      0.000,        3.212,       -0.946,      1.945
585             ,  103 46 59 ,   70 07 35,      3.524,      0.000,      0.000,        3.219,       -0.790,      1.198
586             ,  103 46 57 ,   81 03 51,      3.358,      0.000,      0.000,        3.222,       -0.790,      0.522
587             ,  103 47 02 ,   95 21 28,      3.337,      0.000,      0.000,        3.226,       -0.792,     -0.312
588             ,  124 41 54 ,   89 36 49,      3.930,      0.000,      0.000,        3.231,       -2.237,      0.027
589             ,  124 42 03 ,   81 52 21,      3.966,      0.000,      0.000,        3.228,       -2.235,      0.561
590             ,  124 42 04 ,   73 00 20,      4.099,      0.000,      0.000,        3.223,       -2.232,      1.198
591             ,  124 41 57 ,   60 35 51,      4.493,      0.000,      0.000,        3.218,       -2.228,      2.206
592             ,  124 42 03 ,   53 50 13,      4.845,      0.000,      0.000,        3.216,       -2.227,      2.859
593             ,  124 41 57 ,   47 50 31,      5.281,      0.000,      0.000,        3.218,       -2.228,      3.544
594             ,  124 41 58 ,   42 07 17,      5.832,      0.000,      0.000,        3.216,       -2.227,      4.326
595             ,  124 41 53 ,   36 38 14,      6.537,      0.000,      0.000,        3.207,       -2.221,      5.246
596             ,  124 48 22 ,   33 17 04,      7.076,      0.000,      0.000,        3.189,       -2.217,      5.915
597             ,  134 00 43 ,   36 44 33,      7.442,      0.000,      0.000,        3.202,       -3.093,      5.963
598             ,  134 00 26 ,   40 27 38,      6.884,      0.000,      0.000,        3.213,       -3.104,      5.238
599             ,  132 06 17 ,   44 21 51,      6.202,      0.000,      0.000,        3.217,       -2.908,      4.434
600             ,  132 06 15 ,   50 32 24,      5.623,      0.000,      0.000,        3.221,       -2.911,      3.574
601             ,  132 06 26 ,   57 15 24,      5.162,      0.000,      0.000,        3.221,       -2.911,      2.792
602             ,  132 06 28 ,   65 18 29,      4.786,      0.000,      0.000,        3.226,       -2.916,      1.999
603             ,  131 40 38 ,   75 01 35,      4.473,      0.000,      0.000,        3.227,       -2.873,      1.156
604             ,  141 36 25 ,   93 00 26,      5.224,      0.000,      0.000,        3.240,       -4.089,     -0.274
605             ,  141 36 29 ,   82 34 54,      5.250,      0.000,      0.000,        3.233,       -4.081,      0.678
606             ,  141 36 25 ,   76 49 45,      5.342,      0.000,      0.000,        3.230,       -4.077,      1.217
607             ,  141 36 25 ,   67 11 36,      5.640,      0.000,      0.000,        3.229,       -4.075,      2.186
608             ,  141 36 31 ,   62 29 12,      5.861,      0.000,      0.000,        3.228,       -4.075,      2.708
609             ,  141 36 33 ,   55 03 39,      6.345,      0.000,      0.000,        3.230,       -4.077,      3.634
610             ,  141 36 34 ,   48 55 55,      6.882,      0.000,      0.000,        3.222,       -4.067,      4.521
611             ,  141 36 36 ,   44 36 54,      7.386,      0.000,      0.000,        3.222,       -4.066,      5.258
612             ,  141 36 31 ,   41 32 10,      7.807,      0.000,      0.000,        3.215,       -4.058,      5.844
613             ,  147 40 41 ,   45 09 06,      8.496,      0.000,      0.000,        3.220,       -5.090,      5.991
614             ,  147 40 28 ,   49 23 53,      7.964,      0.000,      0.000,        3.233,       -5.109,      5.183
615             ,  147 40 19 ,   54 10 30,      7.438,      0.000,      0.000,        3.225,       -5.096,      4.354
616             ,  147 40 24 ,   59 50 54,      7.010,      0.000,      0.000,        3.241,       -5.122,      3.521
617             ,  147 09 42 ,   64 26 07,      6.617,      0.000,      0.000,        3.237,       -5.016,      2.856
618             ,  147 09 42 ,   72 21 39,      6.266,      0.000,      0.000,        3.238,       -5.017,      1.899
619             ,  147 09 40 ,   80 07 25,      6.065,      0.000,      0.000,        3.240,       -5.020,      1.040
620             ,  147 09 40 ,   85 13 11,      5.992,      0.000,      0.000,        3.238,       -5.017,      0.499
621             ,  147 09 41 ,   91 43 23,      5.985,      0.000,      0.000,        3.244,       -5.027,     -0.180
622             ,  148 40 36 ,   43 18 54,      8.821,      0.000,      0.000,        3.146,       -5.169,      6.418
623             ,  154 18 44 ,   36 38 31,      9.591,      0.000,      0.000,        2.481,       -5.159,      7.696
624             ,  140 39 43 ,   27 31 23,      8.586,      0.000,      0.000,        2.515,       -3.069,      7.614
625             ,  133 44 49 ,   33 06 33,      7.785,      0.000,      0.000,        3.072,       -2.940,      6.521
626             ,  124 22 18 ,   29 40 56,      7.506,      0.000,      0.000,        3.068,       -2.098,      6.521
627             ,  131 29 24 ,   23 10 58,      8.379,      0.000,      0.000,        2.471,       -2.185,      7.702
628             ,  112 59 25 ,   19 30 48,      8.107,      0.000,      0.000,        2.493,       -1.058,      7.641
629             ,  108 27 01 ,   25 50 32,      7.322,      0.000,      0.000,        3.028,       -1.010,      6.590
630             ,   88 56 44 ,   24 55 32,      7.231,      0.000,      0.000,        3.047,        0.056,      6.558
631             ,   88 56 33 ,   17 45 18,      8.082,      0.000,      0.000,        2.464,        0.045,      7.697
632             ,   59 26 25 ,   20 37 33,      8.185,      0.000,      0.000,        2.483,        1.466,      7.660
633             ,   64 27 34 ,   27 29 57,      7.352,      0.000,      0.000,        3.063,        1.464,      6.521
634             ,   40 53 48 ,   26 52 22,      8.506,      0.000,      0.000,        2.517,        2.906,      7.587
635             ,   45 32 44 ,   33 06 56,      7.819,      0.000,      0.000,        3.049,        2.992,      6.549
636             ,   29 43 29 ,   32 47 53,      9.156,      0.000,      0.000,        2.459,        4.307,      7.696
637             ,   36 48 36 ,   37 27 46,      8.301,      0.000,      0.000,        3.025,        4.042,      6.589
638             ,   23 03 17 ,   38 51 18,      9.938,      0.000,      0.000,        2.442,        5.737,      7.739
639             ,   28 45 19 ,   44 10 41,      9.100,      0.000,      0.000,        3.051,        5.560,      6.526
640             ,   23 36 19 ,   49 13 26,     10.030,      0.000,      0.000,        3.042,        6.960,      6.551
641             ,   21 18 45 ,   41 29 33,     10.242,      0.000,      0.000,        2.466,        6.321,      7.671
642             ,   21 19 17 ,   47 25 35,     10.404,      0.000,      0.000,        2.786,        7.137,      7.039
643             ,   26 14 07 ,   42 19 40,      9.450,      0.000,      0.000,        2.813,        5.708,      6.986
644             ,   35 07 58 ,   34 57 36,      8.534,      0.000,      0.000,        2.814,        3.999,      6.994
645             ,   52 07 30 ,   27 28 44,      7.818,      0.000,      0.000,        2.847,        2.215,      6.936
646             ,   98 40 41 ,   22 37 16,      7.500,      0.000,      0.000,        2.852,       -0.435,      6.923
647             ,  131 35 55 ,   28 42 02,      7.916,      0.000,      0.000,        2.843,       -2.524,      6.944
648             ,  144 40 36 ,   34 56 15,      8.539,      0.000,      0.000,        2.827,       -3.990,      7.000
649             ,  150 15 23 ,   40 28 35,      9.025,      0.000,      0.000,        2.907,       -5.087,      6.865
650             ,  256 38 49 ,   87 00 40,      2.624,      0.000,      0.000,       -2.549,       -0.605,      0.137
651             ,    7 25 55 ,  145 09 11,      1.712,      0.000,      0.000,        0.127,        0.970,     -1.405
