#OKS At   -55 : After 3 points 
-3.720554, -4.892651, -1.459000 
-2.054829, -4.918792, -1.459000 
-3.710784, -4.244690, -1.459000 
#OKS At   -50 : After 3 points 
-3.720554, -4.892651, -1.454000 
-0.008734, -4.950902, -1.454000 
-3.698782, -3.448767, -1.454000 
#OKS At   -45 : After 3 points 
-3.720554, -4.892651, -1.449000 
2.037360, -4.983012, -1.449000 
-3.686780, -2.652843, -1.449000 
#OKS At   -40 : After 4 points 
2.212331, -4.985758, -1.444000 
2.222329, -4.436283, -1.444000 
-3.674778, -1.856920, -1.444000 
-3.720554, -4.892651, -1.444000 
#OKS At   -35 : After 4 points 
2.213393, -4.985775, -1.439000 
2.234318, -3.835755, -1.439000 
-3.662777, -1.060997, -1.439000 
-3.720554, -4.892651, -1.439000 
#OKS At   -30 : After 4 points 
2.214454, -4.985791, -1.434000 
2.246306, -3.235227, -1.434000 
-3.650775, -0.265074, -1.434000 
-3.720554, -4.892651, -1.434000 
#OKS At   -25 : After 4 points 
2.215515, -4.985808, -1.429000 
2.258295, -2.634698, -1.429000 
-3.638773, 0.530850, -1.429000 
-3.720554, -4.892651, -1.429000 
#OKS At   -20 : After 4 points 
2.216577, -4.985825, -1.424000 
2.270283, -2.034170, -1.424000 
-3.626772, 1.326773, -1.424000 
-3.720554, -4.892651, -1.424000 
#OKS At   -15 : After 4 points 
2.217638, -4.985841, -1.419000 
2.282272, -1.433641, -1.419000 
-3.614770, 2.122696, -1.419000 
-3.720554, -4.892651, -1.419000 
#OKS At   -10 : After 4 points 
2.218699, -4.985858, -1.414000 
2.294260, -0.833113, -1.414000 
-3.602768, 2.918619, -1.414000 
-3.720554, -4.892651, -1.414000 
#OKS At    -5 : After 4 points 
2.219761, -4.985875, -1.409000 
2.306249, -0.232584, -1.409000 
-3.590766, 3.714542, -1.409000 
-3.720554, -4.892651, -1.409000 
#OKS At     0 : After 4 points 
2.220822, -4.985891, -1.404000 
2.318237, 0.367944, -1.404000 
-3.578765, 4.510466, -1.404000 
-3.720554, -4.892651, -1.404000 
#OKS At   100 : After 6 points 
2.356815, 1.372425, -1.304000 
2.242049, -4.986225, -1.304000 
-3.720554, -4.892651, -1.304000 
-3.558538, 5.851879, -1.304000 
1.595743, 5.763260, -1.304000 
2.315222, 1.951529, -1.304000 
#OKS At   200 : After 6 points 
2.377511, 1.398661, -1.204000 
2.263275, -4.986558, -1.204000 
-3.720554, -4.892651, -1.204000 
-3.558534, 5.852118, -1.204000 
1.695402, 5.761785, -1.204000 
2.290627, 2.608341, -1.204000 
#OKS At   300 : After 6 points 
2.398206, 1.424897, -1.104000 
2.284502, -4.986891, -1.104000 
-3.720554, -4.892651, -1.104000 
-3.558530, 5.852357, -1.104000 
1.795061, 5.760311, -1.104000 
2.266032, 3.265153, -1.104000 
#OKS At   400 : After 6 points 
2.418902, 1.451132, -1.004000 
2.305729, -4.987224, -1.004000 
-3.720554, -4.892651, -1.004000 
-3.558527, 5.852596, -1.004000 
1.894720, 5.758837, -1.004000 
2.241437, 3.921965, -1.004000 
#OKS At   500 : After 6 points 
2.439598, 1.477368, -0.904000 
2.326956, -4.987557, -0.904000 
-3.720554, -4.892651, -0.904000 
-3.558523, 5.852835, -0.904000 
1.994379, 5.757362, -0.904000 
2.216842, 4.578777, -0.904000 
#OKS At   600 : After 6 points 
2.460293, 1.503604, -0.804000 
2.348182, -4.987890, -0.804000 
-3.720554, -4.892651, -0.804000 
-3.558520, 5.853074, -0.804000 
2.094038, 5.755888, -0.804000 
2.192247, 5.235588, -0.804000 
#OKS At   700 : After 5 points 
2.480989, 1.529840, -0.704000 
2.369409, -4.988223, -0.704000 
-3.720554, -4.892651, -0.704000 
-3.558516, 5.853313, -0.704000 
2.177429, 5.754693, -0.704000 
#OKS At   800 : After 5 points 
2.501684, 1.556076, -0.604000 
2.390636, -4.988556, -0.604000 
-3.720554, -4.892651, -0.604000 
-3.558512, 5.853552, -0.604000 
2.199481, 5.754553, -0.604000 
#OKS At   900 : After 5 points 
2.508781, 1.765055, -0.504000 
2.398217, -4.988675, -0.504000 
-3.720554, -4.892651, -0.504000 
-3.558509, 5.853791, -0.504000 
2.221533, 5.754413, -0.504000 
#OKS At  1000 : After 5 points 
2.512720, 2.016463, -0.404000 
2.398041, -4.988673, -0.404000 
-3.720554, -4.892651, -0.404000 
-3.558505, 5.854030, -0.404000 
2.243585, 5.754273, -0.404000 
#OKS At  1100 : After 5 points 
2.516660, 2.267872, -0.304000 
2.397865, -4.988670, -0.304000 
-3.720554, -4.892651, -0.304000 
-3.558502, 5.854269, -0.304000 
2.265637, 5.754133, -0.304000 
#OKS At  1200 : After 5 points 
2.520599, 2.519280, -0.204000 
2.397689, -4.988667, -0.204000 
-3.720554, -4.892651, -0.204000 
-3.558498, 5.854508, -0.204000 
2.287689, 5.753993, -0.204000 
#OKS At  1300 : After 5 points 
2.524539, 2.770689, -0.104000 
2.397512, -4.988664, -0.104000 
-3.720554, -4.892651, -0.104000 
-3.558494, 5.854747, -0.104000 
2.309741, 5.753853, -0.104000 
#OKS At  1400 : After 5 points 
2.528478, 3.022097, -0.004000 
2.397336, -4.988662, -0.004000 
-3.720554, -4.892651, -0.004000 
-3.558491, 5.854986, -0.004000 
2.331792, 5.753713, -0.004000 
#OKS At  1500 : After 5 points 
2.532418, 3.273506, 0.096000 
2.397160, -4.988659, 0.096000 
-3.720554, -4.892651, 0.096000 
-3.558487, 5.855226, 0.096000 
2.353844, 5.753573, 0.096000 
#OKS At  1600 : After 5 points 
2.536357, 3.524915, 0.196000 
2.396984, -4.988656, 0.196000 
-3.720554, -4.892651, 0.196000 
-3.558484, 5.855465, 0.196000 
2.375896, 5.753433, 0.196000 
#OKS At  1700 : After 5 points 
2.540297, 3.776323, 0.296000 
2.396807, -4.988653, 0.296000 
-3.720554, -4.892651, 0.296000 
-3.558480, 5.855704, 0.296000 
2.397948, 5.753293, 0.296000 
#OKS At  1800 : After 5 points 
2.544236, 4.027732, 0.396000 
2.396631, -4.988650, 0.396000 
-3.720554, -4.892651, 0.396000 
-3.558476, 5.855943, 0.396000 
2.420000, 5.753153, 0.396000 
#OKS At  1900 : After 5 points 
2.548175, 4.279140, 0.496000 
2.396455, -4.988648, 0.496000 
-3.720554, -4.892651, 0.496000 
-3.558473, 5.856182, 0.496000 
2.442052, 5.753013, 0.496000 
#OKS At  2000 : After 5 points 
2.552115, 4.530549, 0.596000 
2.396279, -4.988645, 0.596000 
-3.720554, -4.892651, 0.596000 
-3.558469, 5.856421, 0.596000 
2.464103, 5.752873, 0.596000 
#OKS At  2100 : After 5 points 
2.556054, 4.781957, 0.696000 
2.396103, -4.988642, 0.696000 
-3.720554, -4.892651, 0.696000 
-3.558466, 5.856660, 0.696000 
2.486155, 5.752733, 0.696000 
#OKS At  2200 : After 5 points 
2.559994, 5.033366, 0.796000 
2.395926, -4.988639, 0.796000 
-3.720554, -4.892651, 0.796000 
-3.558462, 5.856899, 0.796000 
2.508207, 5.752593, 0.796000 
#OKS At  2300 : After 5 points 
2.563933, 5.284774, 0.896000 
2.395750, -4.988637, 0.896000 
-3.720554, -4.892651, 0.896000 
-3.558458, 5.857138, 0.896000 
2.530259, 5.752453, 0.896000 
#OKS At  2400 : After 5 points 
2.567873, 5.536183, 0.996000 
2.395574, -4.988634, 0.996000 
-3.720554, -4.892651, 0.996000 
-3.558455, 5.857377, 0.996000 
2.552311, 5.752313, 0.996000 
#OKS At  2500 : After 4 points 
2.395398, -4.988631, 1.096000 
2.571233, 5.752227, 1.096000 
-3.558451, 5.857616, 1.096000 
-3.720554, -4.892651, 1.096000 
#OKS At  2600 : After 4 points 
2.395221, -4.988628, 1.196000 
2.571061, 5.752469, 1.196000 
-3.558447, 5.857855, 1.196000 
-3.720554, -4.892651, 1.196000 
#OKS At  2700 : After 4 points 
2.395045, -4.988626, 1.296000 
2.570889, 5.752711, 1.296000 
-3.558444, 5.858094, 1.296000 
-3.720554, -4.892651, 1.296000 
#OKS At  2800 : After 4 points 
2.394869, -4.988623, 1.396000 
2.570716, 5.752953, 1.396000 
-3.558440, 5.858333, 1.396000 
-3.720554, -4.892651, 1.396000 
#OKS At  2900 : After 4 points 
2.394693, -4.988620, 1.496000 
2.570544, 5.753195, 1.496000 
-3.558437, 5.858572, 1.496000 
-3.720554, -4.892651, 1.496000 
#OKS At  3000 : After 4 points 
2.394517, -4.988617, 1.596000 
2.570372, 5.753437, 1.596000 
-3.558433, 5.858811, 1.596000 
-3.720554, -4.892651, 1.596000 
#OKS At  3100 : After 4 points 
2.394340, -4.988614, 1.696000 
2.570199, 5.753679, 1.696000 
-3.558429, 5.859050, 1.696000 
-3.720554, -4.892651, 1.696000 
#OKS At  3200 : After 4 points 
2.394164, -4.988612, 1.796000 
2.570027, 5.753921, 1.796000 
-3.558426, 5.859289, 1.796000 
-3.720554, -4.892651, 1.796000 
#OKS At  3300 : After 4 points 
2.393988, -4.988609, 1.896000 
2.569855, 5.754163, 1.896000 
-3.558422, 5.859528, 1.896000 
-3.720554, -4.892651, 1.896000 
#OKS At  3400 : After 4 points 
2.393812, -4.988606, 1.996000 
2.569683, 5.754405, 1.996000 
-3.558419, 5.859767, 1.996000 
-3.720554, -4.892651, 1.996000 
#OKS At  3500 : After 4 points 
2.393635, -4.988603, 2.096000 
2.569510, 5.754647, 2.096000 
-3.558415, 5.860006, 2.096000 
-3.720554, -4.892651, 2.096000 
#OKS At  3600 : After 4 points 
2.393459, -4.988601, 2.196000 
2.569338, 5.754889, 2.196000 
-3.558411, 5.860246, 2.196000 
-3.720554, -4.892651, 2.196000 
#OKS At  3700 : After 4 points 
2.393283, -4.988598, 2.296000 
2.569166, 5.755131, 2.296000 
-3.558408, 5.860485, 2.296000 
-3.720554, -4.892651, 2.296000 
#OKS At  3800 : After 4 points 
2.393107, -4.988595, 2.396000 
2.568993, 5.755374, 2.396000 
-3.558404, 5.860724, 2.396000 
-3.720554, -4.892651, 2.396000 
#OKS At  3900 : After 4 points 
2.392930, -4.988592, 2.496000 
2.568821, 5.755616, 2.496000 
-3.558401, 5.860963, 2.496000 
-3.720554, -4.892651, 2.496000 
#OKS At  4000 : After 4 points 
2.392754, -4.988590, 2.596000 
2.568649, 5.755858, 2.596000 
-3.558397, 5.861202, 2.596000 
-3.720554, -4.892651, 2.596000 
#OKS At  4100 : After 4 points 
2.392578, -4.988587, 2.696000 
2.568476, 5.756100, 2.696000 
-3.558393, 5.861441, 2.696000 
-3.720554, -4.892651, 2.696000 
#OKS At  4200 : After 4 points 
2.392402, -4.988584, 2.796000 
2.568304, 5.756342, 2.796000 
-3.558390, 5.861680, 2.796000 
-3.720554, -4.892651, 2.796000 
#OKS At  4300 : After 4 points 
2.392226, -4.988581, 2.896000 
2.568132, 5.756584, 2.896000 
-3.558386, 5.861919, 2.896000 
-3.720554, -4.892651, 2.896000 
#OKS At  4400 : After 4 points 
2.392049, -4.988579, 2.996000 
2.567959, 5.756826, 2.996000 
-3.558383, 5.862158, 2.996000 
-3.720554, -4.892651, 2.996000 
#OKS At  4500 : After 4 points 
2.391873, -4.988576, 3.096000 
2.567787, 5.757068, 3.096000 
-3.558379, 5.862397, 3.096000 
-3.720554, -4.892651, 3.096000 
#OKS At  4600 : After 4 points 
2.391697, -4.988573, 3.196000 
2.567615, 5.757310, 3.196000 
-3.558375, 5.862636, 3.196000 
-3.720554, -4.892651, 3.196000 
#OKS At  4700 : After 4 points 
2.391521, -4.988570, 3.296000 
2.567442, 5.757552, 3.296000 
-3.558372, 5.862875, 3.296000 
-3.720554, -4.892651, 3.296000 
#OKS At  4800 : After 4 points 
2.391344, -4.988567, 3.396000 
2.567270, 5.757794, 3.396000 
-3.558368, 5.863114, 3.396000 
-3.720554, -4.892651, 3.396000 
#OKS At  4900 : After 4 points 
2.391168, -4.988565, 3.496000 
2.567098, 5.758036, 3.496000 
-3.558365, 5.863353, 3.496000 
-3.720554, -4.892651, 3.496000 
#OKS At  5000 : After 4 points 
2.390992, -4.988562, 3.596000 
2.566925, 5.758278, 3.596000 
-3.558361, 5.863592, 3.596000 
-3.720554, -4.892651, 3.596000 
#OKS At  5100 : After 4 points 
2.390816, -4.988559, 3.696000 
2.566753, 5.758521, 3.696000 
-3.558357, 5.863831, 3.696000 
-3.720554, -4.892651, 3.696000 
#OKS At  5200 : After 4 points 
2.390639, -4.988556, 3.796000 
2.566581, 5.758763, 3.796000 
-3.558354, 5.864070, 3.796000 
-3.720554, -4.892651, 3.796000 
#OKS At  5300 : After 4 points 
2.390463, -4.988554, 3.896000 
2.566409, 5.759005, 3.896000 
-3.558350, 5.864309, 3.896000 
-3.720554, -4.892651, 3.896000 
#OKS At  5400 : After 4 points 
2.390287, -4.988551, 3.996000 
2.566236, 5.759247, 3.996000 
-3.558347, 5.864548, 3.996000 
-3.720554, -4.892651, 3.996000 
#OKS At  5500 : After 4 points 
2.390111, -4.988548, 4.096000 
2.566064, 5.759489, 4.096000 
-3.558343, 5.864787, 4.096000 
-3.720554, -4.892651, 4.096000 
#OKS At  5600 : After 4 points 
2.389935, -4.988545, 4.196000 
2.565892, 5.759731, 4.196000 
-3.558339, 5.865027, 4.196000 
-3.720554, -4.892651, 4.196000 
#OKS At  5700 : After 4 points 
2.389758, -4.988543, 4.296000 
2.565719, 5.759973, 4.296000 
-3.558336, 5.865266, 4.296000 
-3.720554, -4.892651, 4.296000 
#OKS At  5800 : After 4 points 
2.389582, -4.988540, 4.396000 
2.565547, 5.760215, 4.396000 
-3.558332, 5.865505, 4.396000 
-3.720554, -4.892651, 4.396000 
#OKS At  5900 : After 4 points 
2.389406, -4.988537, 4.496000 
2.565375, 5.760457, 4.496000 
-3.558329, 5.865744, 4.496000 
-3.720554, -4.892651, 4.496000 
#OKS At  6000 : After 4 points 
2.389230, -4.988534, 4.596000 
2.565202, 5.760699, 4.596000 
-3.558325, 5.865983, 4.596000 
-3.720554, -4.892651, 4.596000 
#OKS At  6100 : After 4 points 
2.389053, -4.988532, 4.696000 
2.565030, 5.760941, 4.696000 
-3.558321, 5.866222, 4.696000 
-3.720554, -4.892651, 4.696000 
#OKS At  6200 : After 4 points 
2.388877, -4.988529, 4.796000 
2.564858, 5.761183, 4.796000 
-3.558318, 5.866461, 4.796000 
-3.720554, -4.892651, 4.796000 
#OKS At  6300 : After 4 points 
2.388701, -4.988526, 4.896000 
2.564685, 5.761425, 4.896000 
-3.558314, 5.866700, 4.896000 
-3.720554, -4.892651, 4.896000 
#OKS At  6400 : After 4 points 
2.388525, -4.988523, 4.996000 
2.564513, 5.761667, 4.996000 
-3.558311, 5.866939, 4.996000 
-3.720554, -4.892651, 4.996000 
#OKS At  6500 : After 4 points 
2.388348, -4.988520, 5.096000 
2.564341, 5.761910, 5.096000 
-3.558307, 5.867178, 5.096000 
-3.720554, -4.892651, 5.096000 
#OKS At  6600 : After 4 points 
2.388172, -4.988518, 5.196000 
2.564168, 5.762152, 5.196000 
-3.558303, 5.867417, 5.196000 
-3.720554, -4.892651, 5.196000 
#OKS At  6700 : After 4 points 
2.387996, -4.988515, 5.296000 
2.563996, 5.762394, 5.296000 
-3.558300, 5.867656, 5.296000 
-3.720554, -4.892651, 5.296000 
#OKS At  6800 : After 4 points 
2.387820, -4.988512, 5.396000 
2.563824, 5.762636, 5.396000 
-3.558296, 5.867895, 5.396000 
-3.720554, -4.892651, 5.396000 
#OKS At  6900 : After 4 points 
2.387644, -4.988509, 5.496000 
2.563652, 5.762878, 5.496000 
-3.558292, 5.868134, 5.496000 
-3.720554, -4.892651, 5.496000 
#OKS At  7000 : After 4 points 
2.387467, -4.988507, 5.596000 
2.563479, 5.763120, 5.596000 
-3.558289, 5.868373, 5.596000 
-3.720554, -4.892651, 5.596000 
#OKS At  7100 : After 4 points 
2.387291, -4.988504, 5.696000 
2.563307, 5.763362, 5.696000 
-3.558285, 5.868612, 5.696000 
-3.720554, -4.892651, 5.696000 
#OKS At  7200 : After 4 points 
2.387115, -4.988501, 5.796000 
2.563135, 5.763604, 5.796000 
-3.558282, 5.868851, 5.796000 
-3.720554, -4.892651, 5.796000 
#OKS At  7300 : After 4 points 
2.386939, -4.988498, 5.896000 
2.562962, 5.763846, 5.896000 
-3.558278, 5.869090, 5.896000 
-3.720554, -4.892651, 5.896000 
#OKS At  7400 : After 4 points 
2.386762, -4.988496, 5.996000 
2.562790, 5.764088, 5.996000 
-3.558274, 5.869329, 5.996000 
-3.720554, -4.892651, 5.996000 
#OKS At  7500 : After 4 points 
2.386586, -4.988493, 6.096000 
2.562618, 5.764330, 6.096000 
-3.558271, 5.869568, 6.096000 
-3.720554, -4.892651, 6.096000 
#OKS At  7600 : After 4 points 
2.386410, -4.988490, 6.196000 
2.562445, 5.764572, 6.196000 
-3.558267, 5.869808, 6.196000 
-3.720554, -4.892651, 6.196000 
#OKS At  7700 : After 4 points 
2.386234, -4.988487, 6.296000 
2.562273, 5.764814, 6.296000 
-3.558264, 5.870047, 6.296000 
-3.720554, -4.892651, 6.296000 
#OKS At  7800 : After 4 points 
2.344305, -4.987829, 6.396000 
2.554203, 5.765192, 6.396000 
-3.558260, 5.870286, 6.396000 
-3.720554, -4.892651, 6.396000 
#OKS At  7900 : After 4 points 
2.295713, -4.987067, 6.496000 
2.505616, 5.766267, 6.496000 
-3.558256, 5.870525, 6.496000 
-3.720554, -4.892651, 6.496000 
#OKS At  8000 : After 4 points 
2.247120, -4.986304, 6.596000 
2.457030, 5.767341, 6.596000 
-3.558253, 5.870764, 6.596000 
-3.720554, -4.892651, 6.596000 
#OKS At  8100 : After 4 points 
2.198528, -4.985542, 6.696000 
2.408443, 5.768416, 6.696000 
-3.558249, 5.871003, 6.696000 
-3.720554, -4.892651, 6.696000 
#OKS At  8200 : After 4 points 
2.149935, -4.984779, 6.796000 
2.359857, 5.769490, 6.796000 
-3.558246, 5.871242, 6.796000 
-3.720554, -4.892651, 6.796000 
#OKS At  8300 : After 4 points 
2.101342, -4.984016, 6.896000 
2.311270, 5.770565, 6.896000 
-3.558242, 5.871481, 6.896000 
-3.720554, -4.892651, 6.896000 
#OKS At  8400 : After 4 points 
2.052750, -4.983254, 6.996000 
2.262684, 5.771639, 6.996000 
-3.558238, 5.871720, 6.996000 
-3.720554, -4.892651, 6.996000 
#OKS At  8500 : After 4 points 
2.004157, -4.982491, 7.096000 
2.214097, 5.772714, 7.096000 
-3.558235, 5.871959, 7.096000 
-3.720554, -4.892651, 7.096000 
#OKS At  8600 : After 4 points 
1.955565, -4.981729, 7.196000 
2.165511, 5.773788, 7.196000 
-3.558231, 5.872198, 7.196000 
-3.720554, -4.892651, 7.196000 
#OKS At  8700 : After 4 points 
1.906972, -4.980966, 7.296000 
2.116924, 5.774863, 7.296000 
-3.558228, 5.872437, 7.296000 
-3.720554, -4.892651, 7.296000 
#OKS At  8800 : After 4 points 
1.858380, -4.980203, 7.396000 
2.068338, 5.775937, 7.396000 
-3.558224, 5.872676, 7.396000 
-3.720554, -4.892651, 7.396000 
#OKS At  8900 : After 4 points 
1.809787, -4.979441, 7.496000 
2.019752, 5.777012, 7.496000 
-3.558220, 5.872915, 7.496000 
-3.720554, -4.892651, 7.496000 
#OKS At  9000 : After 4 points 
1.761195, -4.978678, 7.596000 
1.971165, 5.778086, 7.596000 
-3.558217, 5.873154, 7.596000 
-3.720554, -4.892651, 7.596000 
#OKS At  9100 : After 4 points 
1.712602, -4.977916, 7.696000 
1.922579, 5.779160, 7.696000 
-3.558213, 5.873393, 7.696000 
-3.720554, -4.892651, 7.696000 
#OKS At  9200 : After 4 points 
1.664010, -4.977153, 7.796000 
1.873992, 5.780235, 7.796000 
-3.558210, 5.873632, 7.796000 
-3.720554, -4.892651, 7.796000 
#OKS At  9300 : After 4 points 
1.825406, 5.781309, 7.896000 
1.769267, 2.905315, 7.896000 
-3.581687, 4.316648, 7.896000 
-3.558206, 5.873871, 7.896000 
