#OKS At   -45 : After 3 points 
2.145805, 1.315895, -1.551000 
1.991550, 0.488533, -1.551000 
1.809690, 1.319956, -1.551000 
#OKS At   -40 : After 3 points 
2.150901, 1.315873, -1.546000 
1.737410, -0.901920, -1.546000 
1.249925, 1.326759, -1.546000 
#OKS At   -35 : After 4 points 
1.562004, -1.870080, -1.541000 
2.155997, 1.315852, -1.541000 
0.690160, 1.333562, -1.541000 
1.390541, -1.868434, -1.541000 
#OKS At   -30 : After 4 points 
1.567095, -1.870128, -1.536000 
2.161094, 1.315830, -1.536000 
0.130395, 1.340364, -1.536000 
0.831089, -1.863066, -1.536000 
#OKS At   -25 : After 4 points 
1.572186, -1.870177, -1.531000 
2.166190, 1.315809, -1.531000 
-0.429370, 1.347167, -1.531000 
0.271637, -1.857698, -1.531000 
#OKS At   -20 : After 4 points 
1.577277, -1.870226, -1.526000 
2.171286, 1.315787, -1.526000 
-0.989136, 1.353970, -1.526000 
-0.287814, -1.852330, -1.526000 
#OKS At   -15 : After 4 points 
1.582368, -1.870275, -1.521000 
2.176382, 1.315766, -1.521000 
-1.548901, 1.360773, -1.521000 
-0.847266, -1.846961, -1.521000 
#OKS At   -10 : After 4 points 
1.587459, -1.870324, -1.516000 
2.181478, 1.315744, -1.516000 
-2.108666, 1.367576, -1.516000 
-1.406718, -1.841593, -1.516000 
#OKS At    -5 : After 4 points 
1.592550, -1.870373, -1.511000 
2.186574, 1.315722, -1.511000 
-2.668431, 1.374379, -1.511000 
-1.966169, -1.836225, -1.511000 
#OKS At     0 : After 5 points 
1.597641, -1.870421, -1.506000 
2.191670, 1.315701, -1.506000 
-3.218938, 1.381070, -1.506000 
-3.219811, 1.342844, -1.506000 
-2.525621, -1.830857, -1.506000 
#OKS At   100 : After 4 points 
1.699461, -1.871399, -1.406000 
2.293592, 1.315270, -1.406000 
-3.218920, 1.381870, -1.406000 
-3.292103, -1.823502, -1.406000 
#OKS At   200 : After 4 points 
1.801281, -1.872376, -1.306000 
2.395514, 1.314839, -1.306000 
-3.218901, 1.382671, -1.306000 
-3.292103, -1.823502, -1.306000 
#OKS At   300 : After 4 points 
1.903102, -1.873353, -1.206000 
2.497437, 1.314408, -1.206000 
-3.218883, 1.383471, -1.206000 
-3.292103, -1.823502, -1.206000 
#OKS At   400 : After 4 points 
2.004922, -1.874330, -1.106000 
2.599359, 1.313977, -1.106000 
-3.218865, 1.384271, -1.106000 
-3.292103, -1.823502, -1.106000 
#OKS At   500 : After 5 points 
2.582935, 0.678789, -1.006000 
2.628933, 1.314420, -1.006000 
-3.218846, 1.385071, -1.006000 
-3.292103, -1.823502, -1.006000 
2.106742, -1.875307, -1.006000 
#OKS At   600 : After 5 points 
2.557788, -0.003185, -0.906000 
2.653174, 1.314928, -0.906000 
-3.218828, 1.385871, -0.906000 
-3.292103, -1.823502, -0.906000 
2.208563, -1.876284, -0.906000 
#OKS At   700 : After 5 points 
2.532641, -0.685160, -0.806000 
2.677415, 1.315435, -0.806000 
-3.218810, 1.386672, -0.806000 
-3.292103, -1.823502, -0.806000 
2.310383, -1.877261, -0.806000 
#OKS At   800 : After 5 points 
2.507495, -1.367134, -0.706000 
2.701657, 1.315943, -0.706000 
-3.218792, 1.387472, -0.706000 
-3.292103, -1.823502, -0.706000 
2.412203, -1.878238, -0.706000 
#OKS At   900 : After 4 points 
2.494656, -1.879029, -0.606000 
2.725898, 1.316450, -0.606000 
-3.218773, 1.388272, -0.606000 
-3.292103, -1.823502, -0.606000 
#OKS At  1000 : After 4 points 
2.518844, -1.879261, -0.506000 
2.750139, 1.316958, -0.506000 
-3.218755, 1.389072, -0.506000 
-3.292103, -1.823502, -0.506000 
#OKS At  1100 : After 4 points 
2.543032, -1.879493, -0.406000 
2.774381, 1.317466, -0.406000 
-3.218737, 1.389873, -0.406000 
-3.292103, -1.823502, -0.406000 
#OKS At  1200 : After 4 points 
2.567219, -1.879725, -0.306000 
2.798622, 1.317973, -0.306000 
-3.218719, 1.390673, -0.306000 
-3.292103, -1.823502, -0.306000 
#OKS At  1300 : After 4 points 
2.591407, -1.879957, -0.206000 
2.822863, 1.318481, -0.206000 
-3.218700, 1.391473, -0.206000 
-3.292103, -1.823502, -0.206000 
#OKS At  1400 : After 4 points 
2.615595, -1.880189, -0.106000 
2.847105, 1.318988, -0.106000 
-3.218682, 1.392273, -0.106000 
-3.292103, -1.823502, -0.106000 
#OKS At  1500 : After 4 points 
2.639783, -1.880421, -0.006000 
2.871346, 1.319496, -0.006000 
-3.218664, 1.393073, -0.006000 
-3.292103, -1.823502, -0.006000 
#OKS At  1600 : After 5 points 
2.875524, 1.042757, 0.094000 
2.877573, 1.320221, 0.094000 
-3.218645, 1.393874, 0.094000 
-3.292103, -1.823502, 0.094000 
2.663971, -1.880653, 0.094000 
#OKS At  1700 : After 5 points 
2.873496, 0.680245, 0.194000 
2.878226, 1.321014, 0.194000 
-3.218627, 1.394674, 0.194000 
-3.292103, -1.823502, 0.194000 
2.688159, -1.880886, 0.194000 
#OKS At  1800 : After 5 points 
2.871467, 0.317734, 0.294000 
2.878880, 1.321806, 0.294000 
-3.218609, 1.395474, 0.294000 
-3.292103, -1.823502, 0.294000 
2.712346, -1.881118, 0.294000 
#OKS At  1900 : After 5 points 
2.869439, -0.044777, 0.394000 
2.879534, 1.322599, 0.394000 
-3.218591, 1.396274, 0.394000 
-3.292103, -1.823502, 0.394000 
2.736534, -1.881350, 0.394000 
#OKS At  2000 : After 5 points 
2.867410, -0.407289, 0.494000 
2.880187, 1.323391, 0.494000 
-3.218572, 1.397074, 0.494000 
-3.292103, -1.823502, 0.494000 
2.760722, -1.881582, 0.494000 
#OKS At  2100 : After 5 points 
2.865381, -0.769800, 0.594000 
2.880841, 1.324184, 0.594000 
-3.218554, 1.397875, 0.594000 
-3.292103, -1.823502, 0.594000 
2.784910, -1.881814, 0.594000 
#OKS At  2200 : After 5 points 
2.863353, -1.132311, 0.694000 
2.881494, 1.324976, 0.694000 
-3.218536, 1.398675, 0.694000 
-3.292103, -1.823502, 0.694000 
2.809098, -1.882046, 0.694000 
#OKS At  2300 : After 5 points 
2.861324, -1.494823, 0.794000 
2.882148, 1.325769, 0.794000 
-3.218518, 1.399475, 0.794000 
-3.292103, -1.823502, 0.794000 
2.833286, -1.882278, 0.794000 
#OKS At  2400 : After 5 points 
2.859295, -1.857334, 0.894000 
2.882801, 1.326561, 0.894000 
-3.218499, 1.400275, 0.894000 
-3.292103, -1.823502, 0.894000 
2.857473, -1.882510, 0.894000 
#OKS At  2500 : After 4 points 
2.859757, -1.882532, 0.994000 
2.883455, 1.327354, 0.994000 
-3.218481, 1.401076, 0.994000 
-3.292103, -1.823502, 0.994000 
#OKS At  2600 : After 4 points 
2.860405, -1.882538, 1.094000 
2.884108, 1.328146, 1.094000 
-3.218463, 1.401876, 1.094000 
-3.292103, -1.823502, 1.094000 
#OKS At  2700 : After 4 points 
2.861052, -1.882545, 1.194000 
2.884762, 1.328939, 1.194000 
-3.218444, 1.402676, 1.194000 
-3.292103, -1.823502, 1.194000 
#OKS At  2800 : After 4 points 
2.861700, -1.882551, 1.294000 
2.885415, 1.329732, 1.294000 
-3.218426, 1.403476, 1.294000 
-3.292103, -1.823502, 1.294000 
#OKS At  2900 : After 4 points 
2.862347, -1.882557, 1.394000 
2.886069, 1.330524, 1.394000 
-3.218408, 1.404276, 1.394000 
-3.292103, -1.823502, 1.394000 
#OKS At  3000 : After 4 points 
2.862995, -1.882563, 1.494000 
2.886722, 1.331317, 1.494000 
-3.218390, 1.405077, 1.494000 
-3.292103, -1.823502, 1.494000 
#OKS At  3100 : After 4 points 
2.863643, -1.882569, 1.594000 
2.887376, 1.332109, 1.594000 
-3.218371, 1.405877, 1.594000 
-3.292103, -1.823502, 1.594000 
#OKS At  3200 : After 4 points 
2.864290, -1.882576, 1.694000 
2.888030, 1.332902, 1.694000 
-3.218353, 1.406677, 1.694000 
-3.292103, -1.823502, 1.694000 
#OKS At  3300 : After 4 points 
2.864938, -1.882582, 1.794000 
2.888683, 1.333694, 1.794000 
-3.218335, 1.407477, 1.794000 
-3.292103, -1.823502, 1.794000 
#OKS At  3400 : After 4 points 
2.865586, -1.882588, 1.894000 
2.889337, 1.334487, 1.894000 
-3.218317, 1.408278, 1.894000 
-3.292103, -1.823502, 1.894000 
#OKS At  3500 : After 4 points 
2.866233, -1.882594, 1.994000 
2.889990, 1.335279, 1.994000 
-3.218298, 1.409078, 1.994000 
-3.292103, -1.823502, 1.994000 
#OKS At  3600 : After 4 points 
2.866881, -1.882601, 2.094000 
2.890644, 1.336072, 2.094000 
-3.218280, 1.409878, 2.094000 
-3.292103, -1.823502, 2.094000 
#OKS At  3700 : After 4 points 
2.867529, -1.882607, 2.194000 
2.891297, 1.336864, 2.194000 
-3.218262, 1.410678, 2.194000 
-3.292103, -1.823502, 2.194000 
#OKS At  3800 : After 4 points 
2.868176, -1.882613, 2.294000 
2.891951, 1.337657, 2.294000 
-3.218244, 1.411478, 2.294000 
-3.292103, -1.823502, 2.294000 
#OKS At  3900 : After 4 points 
2.868824, -1.882619, 2.394000 
2.892604, 1.338450, 2.394000 
-3.218225, 1.412279, 2.394000 
-3.292103, -1.823502, 2.394000 
#OKS At  4000 : After 4 points 
2.869472, -1.882625, 2.494000 
2.893258, 1.339242, 2.494000 
-3.218207, 1.413079, 2.494000 
-3.292103, -1.823502, 2.494000 
#OKS At  4100 : After 4 points 
2.870119, -1.882632, 2.594000 
2.893911, 1.340035, 2.594000 
-3.218189, 1.413879, 2.594000 
-3.292103, -1.823502, 2.594000 
#OKS At  4200 : After 4 points 
2.870767, -1.882638, 2.694000 
2.894565, 1.340827, 2.694000 
-3.218170, 1.414679, 2.694000 
-3.292103, -1.823502, 2.694000 
#OKS At  4300 : After 4 points 
2.871414, -1.882644, 2.794000 
2.895218, 1.341620, 2.794000 
-3.218152, 1.415479, 2.794000 
-3.292103, -1.823502, 2.794000 
#OKS At  4400 : After 4 points 
2.872062, -1.882650, 2.894000 
2.895872, 1.342412, 2.894000 
-3.218134, 1.416280, 2.894000 
-3.292103, -1.823502, 2.894000 
#OKS At  4500 : After 4 points 
2.872710, -1.882656, 2.994000 
2.896526, 1.343205, 2.994000 
-3.218116, 1.417080, 2.994000 
-3.292103, -1.823502, 2.994000 
#OKS At  4600 : After 4 points 
2.873357, -1.882663, 3.094000 
2.897179, 1.343997, 3.094000 
-3.218097, 1.417880, 3.094000 
-3.292103, -1.823502, 3.094000 
#OKS At  4700 : After 4 points 
2.874005, -1.882669, 3.194000 
2.897833, 1.344790, 3.194000 
-3.218079, 1.418680, 3.194000 
-3.292103, -1.823502, 3.194000 
#OKS At  4800 : After 4 points 
2.874653, -1.882675, 3.294000 
2.898486, 1.345582, 3.294000 
-3.218061, 1.419481, 3.294000 
-3.292103, -1.823502, 3.294000 
#OKS At  4900 : After 4 points 
2.875300, -1.882681, 3.394000 
2.899140, 1.346375, 3.394000 
-3.218043, 1.420281, 3.394000 
-3.292103, -1.823502, 3.394000 
#OKS At  5000 : After 4 points 
2.875948, -1.882688, 3.494000 
2.899793, 1.347167, 3.494000 
-3.218024, 1.421081, 3.494000 
-3.292103, -1.823502, 3.494000 
#OKS At  5100 : After 4 points 
2.876596, -1.882694, 3.594000 
2.900447, 1.347960, 3.594000 
-3.218006, 1.421881, 3.594000 
-3.292103, -1.823502, 3.594000 
#OKS At  5200 : After 4 points 
2.877243, -1.882700, 3.694000 
2.901100, 1.348753, 3.694000 
-3.217988, 1.422681, 3.694000 
-3.292103, -1.823502, 3.694000 
#OKS At  5300 : After 4 points 
2.877891, -1.882706, 3.794000 
2.901754, 1.349545, 3.794000 
-3.217969, 1.423482, 3.794000 
-3.292103, -1.823502, 3.794000 
#OKS At  5400 : After 4 points 
2.878539, -1.882712, 3.894000 
2.902407, 1.350338, 3.894000 
-3.217951, 1.424282, 3.894000 
-3.292103, -1.823502, 3.894000 
#OKS At  5500 : After 4 points 
2.879186, -1.882719, 3.994000 
2.903061, 1.351130, 3.994000 
-3.217933, 1.425082, 3.994000 
-3.292103, -1.823502, 3.994000 
#OKS At  5600 : After 4 points 
2.879834, -1.882725, 4.094000 
2.903714, 1.351923, 4.094000 
-3.217915, 1.425882, 4.094000 
-3.292103, -1.823502, 4.094000 
#OKS At  5700 : After 4 points 
2.880481, -1.882731, 4.194000 
2.904368, 1.352715, 4.194000 
-3.217896, 1.426682, 4.194000 
-3.292103, -1.823502, 4.194000 
#OKS At  5800 : After 4 points 
2.881129, -1.882737, 4.294000 
2.905022, 1.353508, 4.294000 
-3.217878, 1.427483, 4.294000 
-3.292103, -1.823502, 4.294000 
#OKS At  5900 : After 4 points 
2.881777, -1.882743, 4.394000 
2.905675, 1.354300, 4.394000 
-3.217860, 1.428283, 4.394000 
-3.292103, -1.823502, 4.394000 
#OKS At  6000 : After 4 points 
2.882424, -1.882750, 4.494000 
2.906329, 1.355093, 4.494000 
-3.217842, 1.429083, 4.494000 
-3.292103, -1.823502, 4.494000 
#OKS At  6100 : After 4 points 
2.883072, -1.882756, 4.594000 
2.906982, 1.355885, 4.594000 
-3.217823, 1.429883, 4.594000 
-3.292103, -1.823502, 4.594000 
#OKS At  6200 : After 4 points 
2.883720, -1.882762, 4.694000 
2.907636, 1.356678, 4.694000 
-3.217805, 1.430684, 4.694000 
-3.292103, -1.823502, 4.694000 
#OKS At  6300 : After 4 points 
2.884367, -1.882768, 4.794000 
2.908289, 1.357471, 4.794000 
-3.217787, 1.431484, 4.794000 
-3.292103, -1.823502, 4.794000 
#OKS At  6400 : After 4 points 
2.885015, -1.882775, 4.894000 
2.908943, 1.358263, 4.894000 
-3.217769, 1.432284, 4.894000 
-3.292103, -1.823502, 4.894000 
#OKS At  6500 : After 4 points 
2.885663, -1.882781, 4.994000 
2.909596, 1.359056, 4.994000 
-3.217750, 1.433084, 4.994000 
-3.292103, -1.823502, 4.994000 
#OKS At  6600 : After 4 points 
2.886310, -1.882787, 5.094000 
2.910250, 1.359848, 5.094000 
-3.217732, 1.433884, 5.094000 
-3.292103, -1.823502, 5.094000 
#OKS At  6700 : After 4 points 
2.886958, -1.882793, 5.194000 
2.910903, 1.360641, 5.194000 
-3.217714, 1.434685, 5.194000 
-3.292103, -1.823502, 5.194000 
#OKS At  6800 : After 4 points 
2.887605, -1.882799, 5.294000 
2.911557, 1.361433, 5.294000 
-3.217695, 1.435485, 5.294000 
-3.292103, -1.823502, 5.294000 
#OKS At  6900 : After 4 points 
2.888253, -1.882806, 5.394000 
2.912210, 1.362226, 5.394000 
-3.217677, 1.436285, 5.394000 
-3.292103, -1.823502, 5.394000 
#OKS At  7000 : After 4 points 
2.888901, -1.882812, 5.494000 
2.912864, 1.363018, 5.494000 
-3.217659, 1.437085, 5.494000 
-3.292103, -1.823502, 5.494000 
#OKS At  7100 : After 4 points 
2.889548, -1.882818, 5.594000 
2.913518, 1.363811, 5.594000 
-3.217641, 1.437886, 5.594000 
-3.292103, -1.823502, 5.594000 
#OKS At  7200 : After 4 points 
2.890196, -1.882824, 5.694000 
2.914171, 1.364603, 5.694000 
-3.217622, 1.438686, 5.694000 
-3.292103, -1.823502, 5.694000 
#OKS At  7300 : After 4 points 
2.890844, -1.882830, 5.794000 
2.914825, 1.365396, 5.794000 
-3.217604, 1.439486, 5.794000 
-3.292103, -1.823502, 5.794000 
#OKS At  7400 : After 4 points 
2.891491, -1.882837, 5.894000 
2.915478, 1.366188, 5.894000 
-3.217586, 1.440286, 5.894000 
-3.292103, -1.823502, 5.894000 
#OKS At  7500 : After 4 points 
2.892139, -1.882843, 5.994000 
2.916132, 1.366981, 5.994000 
-3.217568, 1.441086, 5.994000 
-3.292103, -1.823502, 5.994000 
#OKS At  7600 : After 4 points 
2.892787, -1.882849, 6.094000 
2.916785, 1.367774, 6.094000 
-3.217549, 1.441887, 6.094000 
-3.292103, -1.823502, 6.094000 
#OKS At  7700 : After 5 points 
2.915011, 1.039729, 6.194000 
2.889002, -1.882813, 6.194000 
-3.292103, -1.823502, 6.194000 
-3.217531, 1.442687, 6.194000 
2.917439, 1.368566, 6.194000 
#OKS At  7800 : After 4 points 
2.837680, -1.882320, 6.294000 
2.866623, 1.369980, 6.294000 
-3.217513, 1.443487, 6.294000 
-3.292103, -1.823502, 6.294000 
#OKS At  7900 : After 4 points 
2.786357, -1.881828, 6.394000 
2.815308, 1.371401, 6.394000 
-3.217494, 1.444287, 6.394000 
-3.292103, -1.823502, 6.394000 
#OKS At  8000 : After 4 points 
2.735034, -1.881335, 6.494000 
2.763993, 1.372821, 6.494000 
-3.217476, 1.445087, 6.494000 
-3.292103, -1.823502, 6.494000 
#OKS At  8100 : After 4 points 
2.683711, -1.880843, 6.594000 
2.712679, 1.374242, 6.594000 
-3.217458, 1.445888, 6.594000 
-3.292103, -1.823502, 6.594000 
#OKS At  8200 : After 4 points 
2.632388, -1.880350, 6.694000 
2.661364, 1.375662, 6.694000 
-3.217440, 1.446688, 6.694000 
-3.292103, -1.823502, 6.694000 
#OKS At  8300 : After 4 points 
2.581065, -1.879858, 6.794000 
2.610049, 1.377082, 6.794000 
-3.217421, 1.447488, 6.794000 
-3.292103, -1.823502, 6.794000 
#OKS At  8400 : After 4 points 
2.529742, -1.879366, 6.894000 
2.558735, 1.378503, 6.894000 
-3.217403, 1.448288, 6.894000 
-3.292103, -1.823502, 6.894000 
#OKS At  8500 : After 4 points 
2.478419, -1.878873, 6.994000 
2.507420, 1.379923, 6.994000 
-3.217385, 1.449089, 6.994000 
-3.292103, -1.823502, 6.994000 
#OKS At  8600 : After 4 points 
2.427096, -1.878381, 7.094000 
2.456105, 1.381344, 7.094000 
-3.217367, 1.449889, 7.094000 
-3.292103, -1.823502, 7.094000 
#OKS At  8700 : After 4 points 
2.375773, -1.877888, 7.194000 
2.404791, 1.382764, 7.194000 
-3.217348, 1.450689, 7.194000 
-3.292103, -1.823502, 7.194000 
#OKS At  8800 : After 4 points 
2.324450, -1.877396, 7.294000 
2.353476, 1.384185, 7.294000 
-3.217330, 1.451489, 7.294000 
-3.292103, -1.823502, 7.294000 
#OKS At  8900 : After 4 points 
2.273127, -1.876903, 7.394000 
2.302162, 1.385605, 7.394000 
-3.217312, 1.452289, 7.394000 
-3.292103, -1.823502, 7.394000 
#OKS At  9000 : After 4 points 
2.221805, -1.876411, 7.494000 
2.250847, 1.387025, 7.494000 
-3.217293, 1.453090, 7.494000 
-3.292103, -1.823502, 7.494000 
#OKS At  9100 : After 4 points 
2.170482, -1.875918, 7.594000 
2.199532, 1.388446, 7.594000 
-3.217275, 1.453890, 7.594000 
-3.292103, -1.823502, 7.594000 
#OKS At  9200 : After 4 points 
2.119159, -1.875426, 7.694000 
2.148218, 1.389866, 7.694000 
-3.217257, 1.454690, 7.694000 
-3.292103, -1.823502, 7.694000 
